time,x,y,z,phi,theta,psi,x_velocity,y_velocity,z_velocity,phi_velocity,theta_velocity,psi_velocity,rotor_speed1,rotor_speed2,rotor_speed3,rotor_speed4
0.06,-5.04261311806e-05,2.04686634267e-05,10.0050666254,0.00447389064909,0.0125856553749,0.0,-0.00305092639992,0.00121168750016,0.168870431919,-0.024401422826,0.037680812309,0.0,455.95491564965556,458.95484197891955,459.9781112240351,458.04205892043467
0.12000000000000001,-0.000581891335627,0.00019382842961,10.0213715271,0.00306051273241,0.0240762996086,0.0,-0.0159785578981,0.00440502893833,0.374559978601,-0.0283447299789,0.069782436094,0.0,467.6127322667787,470.1077269058669,469.9347206448138,469.6289238490038
0.18,-0.0021516344962,0.000568004394961,10.0496233122,0.011276473115,0.0343634449064,0.0,-0.0375676274879,0.00905925491984,0.567050007948,-0.064062150103,0.0414995294035,0.0,466.08083201535777,463.867932896045,467.6021835512758,464.8110209317545
0.23999999999999996,-0.00512913923546,0.00134371388838,10.0867494524,0.0110785961588,0.036846325325,0.0,-0.0619373065093,0.0167565912226,0.670423353988,-0.0443115204225,0.0395314816816,0.0,439.30883871547337,439.1465423336878,436.89139609538194,438.53245078107176
0.3,-0.00977764649582,0.00261014713079,10.1338628665,0.00858580309393,0.0425089683218,0.0,-0.0937192179524,0.0251609185645,0.899845477783,-0.0501322035517,0.0184232677362,0.0,477.94841156766887,476.3375188310541,476.848234746932,476.40233491988715
0.36000000000000004,-0.0163629459189,0.0042953852214,10.1919262874,0.00575923921955,0.0513480687683,0.0,-0.126768252865,0.0307156092945,1.0354440537,-0.0561496487114,-0.0132641644164,0.0,450.4946813079575,447.9254083484143,449.29982459071107,448.8100244584587
0.4200000000000001,-0.0251514899878,0.00627103530971,10.2584817947,0.00748752718674,0.0634403534125,0.0,-0.167452703678,0.0353009477607,1.18285652779,-0.0325888068948,0.0248807002071,0.0,450.5154783404727,453.58886643309864,453.2781144522849,455.16595786423375
0.48000000000000015,-0.0366356682366,0.00854945695463,10.3343001981,0.00555161196101,0.0650235906814,0.0,-0.215524316795,0.0404291342304,1.34423331674,-0.031847325037,0.0201752351869,0.0,458.2915235116781,457.9174382988527,457.5549534233127,457.6136156748878
0.5400000000000001,-0.051144396423,0.0111039967162,10.4209323742,0.00520766609625,0.0740163665305,0.0,-0.269099205494,0.0446656260258,1.54318279794,-0.0192827251324,0.049557964709,0.0,468.04312445568775,470.32442994141866,469.486270299966,470.4598736301328
0.6000000000000002,-0.0686031557075,0.0138797039625,10.5134175589,0.00684090482351,0.0771991401685,0.0,-0.313134447497,0.0479845257395,1.53963477241,-0.00214524086256,0.053510941361,0.0,405.5056125394331,405.8624480887842,405.0883339875175,406.6264211944486
0.6600000000000003,-0.0890571359828,0.0169034103463,10.6093269435,0.00681399392657,0.0838898282437,0.0,-0.369333973192,0.0527986503846,1.65711801671,0.000350263048097,0.0727811665359,0.0,444.8839186634504,446.4613833291941,445.2333508997367,445.43748505438435
0.7200000000000003,-0.112753612452,0.0201988640762,10.7091215414,0.00803366188319,0.0891750434789,0.0,-0.421031196779,0.0571696255146,1.66929946144,-0.0129028351727,0.0610146480364,0.0,412.7257908943004,411.69006295232913,411.8196308177842,410.64581904717534
0.7800000000000004,-0.140141227868,0.0238102261282,10.8145825577,0.00730234006072,0.106027215409,0.0,-0.493731450779,0.0631209529008,1.84560232251,-0.0115373411254,0.0996186685763,0.0,463.6522067923276,466.67913035757147,463.36834584131634,463.4757984517822
0.8400000000000004,-0.172218438208,0.0277784308453,10.9304029264,0.0104946713408,0.113016830905,0.0,-0.576255446785,0.0695332811037,2.01468353599,-0.0343612021675,0.109505885968,0.0,463.031630671072,463.81748589926224,463.5761446868982,461.7793529156572
0.9000000000000005,-0.20961043567,0.0321975136664,11.058041766,0.00852704581235,0.121533397332,0.0,-0.671146073246,0.0775237690404,2.23937994031,-0.0319940143638,0.0929759344516,0.0,480.4922161765151,479.24607233288253,480.8633542358338,481.042274153711
0.9600000000000005,-0.253198371164,0.0370731308296,11.2016361622,0.00769411338742,0.127101460961,0.0,-0.782450985392,0.0848661991254,2.54633445672,-0.0217117457222,0.0922023224523,0.0,505.2574231216293,505.2077714282701,504.2901682482943,505.03218512805654
1.0200000000000005,-0.302840316601,0.0423329351149,11.3576018961,0.00934985530188,0.132872963527,0.0,-0.872845294394,0.0906487213601,2.65216685987,-0.0417918607995,0.0964939967073,0.0,447.8734559164757,448.22971076708706,447.13065313485305,445.4915391059139
1.0800000000000005,-0.358335559591,0.0479956188553,11.5221593928,0.0108693721284,0.139318827488,0.0,-0.977669440241,0.0983013458386,2.83250100849,-0.0650076774263,0.104248163778,0.0,469.475025391085,470.0841448158271,472.6695353953439,470.8755916310247
1.1400000000000006,-0.42021827256,0.054128329035,11.6970778323,0.00801236999678,0.147881966941,0.0,-1.0859717549,0.105810811244,2.99750169484,-0.0774622481858,0.119733727324,0.0,465.9464452932509,467.1654544455609,468.7412115982154,467.76896816861216
1.2000000000000006,-0.48873685467,0.0606418470623,11.8814600837,0.00470646283335,0.157058317167,0.0,-1.19891366442,0.110955042268,3.14794982135,-0.091408756588,0.134041654849,0.0,463.32292601305596,464.45984457740775,465.2467395804448,464.1483224834059
1.2600000000000007,-0.563507742839,0.0673667043763,12.0702438124,3.43969402827e-06,0.167557751603,0.0,-1.29435403421,0.112807317123,3.14463949811,-0.102367523643,0.150053348673,0.0,415.13937515329485,416.56151638375735,417.30577404181986,416.33968016173935
1.3200000000000007,-0.645159138674,0.0741241482791,12.2644382233,6.2803810075,0.177864084116,0.0,-1.42846635343,0.112144847291,3.32767941264,-0.123607161343,0.136289828635,0.0,477.1877469935821,476.15416921475025,476.04310397961376,474.4052605684812
1.3800000000000008,-0.734406595611,0.0807927779124,12.4655888533,6.27831797838,0.196218204261,0.0,-1.54818238356,0.109975464982,3.37674472578,-0.150182225229,0.100122621458,0.0,437.99016814358953,434.98614043053453,436.91545042479856,434.67744070743225
1.4400000000000008,-0.83058127447,0.0872998141559,12.6666260828,6.27371957436,0.213012548465,0.0,-1.65903278866,0.106581237237,3.32425340993,-0.174425538068,0.06292374118,0.0,405.2910088561741,401.94088558051385,403.5271741815765,401.3058299327972
1.5000000000000009,-0.935074414484,0.0934502806502,12.8707066207,6.26549376333,0.234353685539,0.0,-1.82634232943,0.0975636274677,3.47723263661,-0.192064782306,0.0157960825545,0.0,472.32578698659466,468.6783446241879,472.07403717377275,470.68146335329783
1.560000000000001,-1.04914781986,0.0989366225916,13.0803056788,6.25494914869,0.235731950816,0.0,-1.97622708416,0.084340031734,3.50912570525,-0.182359381081,0.0218830148748,0.0,434.24766081047426,434.7579393006216,434.54819251181294,435.3255637952593
1.620000000000001,-1.17170479511,0.103501055395,13.2895326679,6.24399578158,0.237075752561,0.0,-2.1091823702,0.0669234389228,3.46507657799,-0.18339797534,0.02294979983,0.0,409.71014461400273,409.80505597686897,409.3275366961169,409.19962428335845
1.680000000000001,-1.30251523403,0.106820135995,13.4970803169,6.2393192456,0.24005328572,0.0,-2.25145360111,0.0432983721715,3.45300178793,-0.157017943906,0.0356603104681,0.0,419.7759678615118,420.87782099160347,419.9358510737744,422.18696965370884
1.740000000000001,-1.44187101789,0.108638440623,13.7036612104,6.2301400027,0.242440124153,0.0,-2.39399625106,0.0165405690957,3.43286701089,-0.152699696571,0.0400374677231,0.0,418.55854235782215,418.9400764891365,417.779473672619,418.1312847714787
1.8000000000000012,-1.59070445109,0.108514903005,13.9125018342,6.2239733535,0.245703622792,0.0,-2.56740304414,-0.0212685492023,3.5278827357,-0.134903775533,0.0490739654686,0.0,456.5698064437244,457.2912227037897,455.7276928163684,457.1284641404273
1.8600000000000012,-1.75062559791,0.105847525764,14.12938567,6.21587954626,0.249238020811,0.0,-2.76360217919,-0.0684976835435,3.70061816006,-0.137326321226,0.0393745524862,0.0,481.45317832793785,480.71977841537495,482.7917997550348,482.59355444085816
1.9200000000000013,-1.92354455615,0.0998719299302,14.3610270472,6.21087540927,0.251628708476,0.0,-3.0004310922,-0.131280697086,4.01921156127,-0.118786482201,0.0359775038169,0.0,525.3917799350668,525.1566505281345,525.3490324701078,526.6201840718142
1.9800000000000013,-2.10831560626,0.0906951676228,14.6022933719,6.20767672754,0.253859351923,0.0,-3.15885973837,-0.174887548504,4.02269998412,-0.098241808617,0.0316024923513,0.0,433.87619164120866,433.50921130653046,432.76286213056244,434.4774644513941
2.0400000000000014,-2.30280256487,0.0788307673167,14.8442438935,6.21003693737,0.262191214103,0.0,-3.3247758383,-0.220306678588,4.04179118101,-0.130938661684,0.0582182082946,0.0,439.23324985754033,441.4362364808444,440.2521492767144,437.5272928889651
2.1000000000000014,-2.50791896018,0.0641135523882,15.0891928673,6.20331599304,0.267389206523,0.0,-3.5129007068,-0.270887081892,4.12237872507,-0.120405485644,0.0713715434477,0.0,459.9001000999252,460.9435576599724,460.44439769410343,461.2628656870339
2.1600000000000015,-2.72379252934,0.0464255360803,15.3365342023,6.19664066672,0.272836443064,0.0,-3.68342432596,-0.319251063062,4.12185630282,-0.129811305502,0.0582869389456,0.0,437.1350468934883,436.0466402259608,435.9326165653286,435.13163721966083
2.2200000000000015,-2.9491751272,0.0259842092841,15.580772808,6.18906738016,0.281350352753,0.0,-3.83012019221,-0.36266685425,4.01929653613,-0.125788262059,0.0325215601857,0.0,402.7421015489283,400.40641551859653,401.64848801144956,401.9962498851453
2.2800000000000016,-3.18482001073,0.00240933953503,15.823362916,6.1851165649,0.284859838363,0.0,-4.02504688706,-0.423454036816,4.06639036193,-0.147798253819,0.0450481173669,0.0,452.5023461202503,453.5103563351067,454.1772611709821,452.3922926714423
2.3400000000000016,-3.4333054026,-0.0252528627456,16.0722781517,6.1772178923,0.28841676873,0.0,-4.25807250237,-0.499364358431,4.22949499286,-0.159850476932,0.0336535075873,0.0,491.48742207429075,490.64281345853317,490.6791049231668,489.7640735640505
2.4000000000000017,-3.69553569471,-0.0575156631617,16.3296632314,6.16764064249,0.298954843936,0.0,-4.48386079375,-0.576919298502,4.3485459184,-0.159291991833,0.0644486520451,0.0,478.8258698913723,481.16423337078015,480.32838198829734,480.3486207297215
2.4600000000000017,-3.9693782136,-0.0937980088829,16.5870809575,6.15875526423,0.309572004043,0.0,-4.6451351728,-0.633085502044,4.23179061971,-0.169553957407,0.0917345069769,0.0,402.99944104754644,405.4636458256097,405.7058249792177,404.75513660184856
2.520000000000002,-4.25393770302,-0.13389894808,16.8400944077,6.15322369034,0.31688293384,0.0,-4.8408693879,-0.704019973081,4.20137656396,-0.147123671261,0.105307671971,0.0,434.7970711571656,435.9410568974504,435.304679116316,437.1524479945673
2.580000000000002,-4.55041928565,-0.178346765219,17.0912367599,6.14640884379,0.326628882915,0.0,-5.04273906977,-0.778030947761,4.16925484237,-0.163911572863,0.0837910427273,0.0,438.47039075730544,436.6873467415863,436.66237307547436,435.23684622984024
2.640000000000002,-4.85979215257,-0.227566506403,17.3419197797,6.13678743057,0.349411892953,0.0,-5.27151613831,-0.863266751086,4.18509914462,-0.159913011833,0.12876515019,0.0,453.49705124633874,457.1041742513976,454.7708348521865,455.0665656687803
2.700000000000002,-5.18338188927,-0.282091709187,17.5936348672,6.12719983088,0.357829653909,0.0,-5.5155442736,-0.954944234693,4.20418535483,-0.159596091472,0.118373895867,0.0,459.9966973107913,459.1866636151359,459.8216878022936,459.8234802139724
2.760000000000002,-5.52113110105,-0.341976499719,17.8445844907,6.12370730449,0.367470358929,0.0,-5.74362596404,-1.04139219574,4.15990332383,-0.133752125005,0.0996793393162,0.0,442.07814407528406,440.54602323466753,439.8766112265364,441.9903938200233
2.820000000000002,-5.87331222553,-0.407328552496,18.0941868413,6.11716651574,0.37458265359,0.0,-5.99637270766,-1.13740961643,4.15905875074,-0.148353137223,0.110193014571,0.0,457.4919142359612,458.3373575001377,458.3496729552815,457.1703244431931
2.880000000000002,-6.23924967206,-0.477855432855,18.3396697293,6.11948593582,0.381577830972,0.0,-6.20233243334,-1.21332633236,4.02344102592,-0.1128400909,0.102102237521,0.0,414.0521336506744,413.35065323625355,410.8595980199485,413.97813151402585
2.940000000000002,-6.61939873924,-0.553606150316,18.5811161419,6.11523399266,0.387738734624,0.0,-6.46987281148,-1.31191895796,4.02361915179,-0.0966150238746,0.103270949829,0.0,460.7715953581401,460.8727039462359,461.3285196969288,462.59848538177977
3.000000000000002,-7.01574418197,-0.635325981179,18.822387079,6.10946000189,0.396299249447,0.0,-6.74236558752,-1.41237534104,4.01740524506,-0.0998627794424,0.118956710882,0.0,460.48749054030606,461.7368123831957,462.99724318888326,462.7338359218107
3.0600000000000023,-7.42716595636,-0.722546605721,19.0596849399,6.10346000503,0.403516644531,0.0,-6.97248967002,-1.49531925141,3.89192143433,-0.100389678124,0.121078723956,0.0,422.7202515496298,422.9168131579611,424.1259317612591,424.0715100644233
3.1200000000000023,-7.85527752873,-0.815949206834,19.2955585725,6.09807662302,0.4125587355,0.0,-7.29853705427,-1.61830492383,3.96846538165,-0.0927448848159,0.134531438366,0.0,493.867498148915,494.8715489013201,492.26834449747474,492.82665433856397
3.1800000000000024,-8.30189943938,-0.916267716699,19.5329550125,6.09353078904,0.421574556272,0.0,-7.58961824047,-1.72579481217,3.94324034224,-0.0828231976865,0.122620117736,0.0,465.55452362505906,464.63620147057264,464.25989014437084,465.0316066609778
3.2400000000000024,-8.76431382581,-1.02229684679,19.7645572682,6.0887603556,0.43065964616,0.0,-7.82513579956,-1.80873117154,3.77621015524,-0.0890552607023,0.135868774538,0.0,417.25503569400087,418.4262355214285,418.47047521153803,417.9210616541332
3.3000000000000025,-9.24288215955,-1.13411099674,19.989884573,6.08482056051,0.441274373159,0.0,-8.12799661244,-1.91843954238,3.73303165994,-0.103289034457,0.117435576649,0.0,464.55838999337607,463.12507769849395,464.82844803761117,463.7043193795205
3.3600000000000025,-9.73922907566,-1.25227634203,20.2111407329,6.08482672404,0.44873239589,0.0,-8.41767291218,-2.02025192755,3.64103442989,-0.0771791622373,0.109102631047,0.0,451.0958395956472,450.4337889395701,449.7750902498546,451.8778415347167
3.4200000000000026,-10.2530868399,-1.37651579076,20.4265886861,6.08024624956,0.456383241579,0.0,-8.71170298789,-2.12120602667,3.5393019342,-0.0756457427086,0.0963259453505,0.0,450.96280014023745,449.93873693718893,449.81877874928716,449.9384060300236
3.4800000000000026,-10.7853061899,-1.50706874976,20.6367809662,6.0757030441,0.465681752353,0.0,-9.02973767311,-2.23063014212,3.4654186026,-0.075894468617,0.0745410313984,0.0,462.9644442340763,461.2530338543784,464.0034916274122,463.9797122973579
3.5400000000000027,-11.3351515862,-1.64351493829,20.8390833441,6.08409615956,0.47230367605,0.0,-9.29945505096,-2.31706601248,3.27747157182,-0.037660664112,0.0572354479144,0.0,426.2979031541631,424.81993387687476,423.67960892452686,426.9520533411925
3.6000000000000028,-11.9005290739,-1.78472980197,21.0283570309,6.08195221976,0.479437343709,0.0,-9.5475853714,-2.39020247346,3.03123233744,-0.0349462084369,0.0349310036042,0.0,405.4473349022088,403.43961050146606,404.13270927699944,404.3766242226917
3.660000000000003,-12.4832562759,-1.93121543361,21.2069918112,6.08027183102,0.481627891619,0.0,-9.87730606191,-2.49263490926,2.92218530782,-0.0433162342555,0.0373089467001,0.0,456.7691958209976,456.95937321541794,456.9891020409942,456.32060166829405
3.720000000000003,-13.0855874521,-2.08372208594,21.3782603809,6.07788019201,0.486890841379,0.0,-10.2012373056,-2.59092273129,2.78555714317,-0.0496468626973,0.0551971944205,0.0,449.3365969782675,450.78590241699334,449.6296481314031,449.1151466109663
3.780000000000003,-13.707191673,-2.24199777071,21.5404580941,6.07507049489,0.492098151353,0.0,-10.5198423899,-2.68497848804,2.61989986903,-0.0461851164139,0.0388675372234,0.0,443.00107090321364,441.6574424105986,441.96550020010875,442.24936094691253
3.840000000000003,-14.3492574959,-2.40636370296,21.6945584768,6.07232721524,0.503356277272,0.0,-10.8832698868,-2.79373215955,2.51460638637,-0.0495716761046,0.0704173676089,0.0,466.0966539031503,468.5580629232892,466.9545454818375,466.68898056316266
3.900000000000003,-15.0129899051,-2.57709933327,21.8413345782,6.07105975915,0.50998518886,0.0,-11.2420452028,-2.89731622591,2.376284807,-0.0364101001383,0.0862435129429,0.0,459.45771578428423,460.7154401294222,460.0811507828479,461.1212529402489
3.960000000000003,-15.6988108053,-2.75415913868,21.9801202624,6.06929840046,0.5176609622,0.0,-11.6195463637,-3.00448999624,2.24791065745,-0.044837346139,0.0676769431876,0.0,469.3197911747778,467.88087026189754,467.80798879477624,467.1504261465781
4.020000000000002,-16.4071293262,-2.93746877049,22.1102377031,6.07619149566,0.523365296184,0.0,-11.9921489423,-3.1051936679,2.08788991566,-0.0799705612523,0.0805721484579,0.0,461.1839403013137,462.2054768950428,462.07040473752227,459.28927814738574
4.080000000000001,-17.1384417619,-3.12687172357,22.2311517603,6.07170421249,0.529071053461,0.0,-12.3858481084,-3.20825228803,1.94056553889,-0.0749456738615,0.069075441836,0.0,470.48901012482463,469.602078135535,468.9869268423525,469.3726529250364
4.14,-17.8935508398,-3.3224419651,22.3428008875,6.07345353318,0.53320357186,0.0,-12.7855124192,-3.31044360075,1.77934865839,-0.0487422691927,0.0678712222528,0.0,469.2132037922433,469.1229621387224,468.3480848018362,470.3793432364715
4.199999999999998,-18.6730282618,-3.52414556341,22.4447021015,6.07101430329,0.537698267146,0.0,-13.1981121659,-3.41290309989,1.61537047381,-0.0422174104551,0.0738910265904,0.0,472.2019466582367,472.66965886894104,472.4577649686302,472.9595958262519
4.259999999999997,-19.4774653266,-3.73196449218,22.5363350438,6.06999057684,0.542130823853,0.0,-13.6176107098,-3.51418813115,1.43706831834,-0.0569290990892,0.0715362546226,0.0,471.62300671485684,471.4448403956415,473.61540087821487,472.48093841005465
4.319999999999996,-20.3070717698,-3.94574130513,22.6164731566,6.06657747316,0.546529521325,0.0,-14.0371941416,-3.61164259971,1.23219433539,-0.0594552803727,0.0741072504001,0.0,466.97672440358747,467.1810757117273,468.43039831318373,468.23172251122116
4.379999999999995,-21.1642548112,-4.16609987896,22.6873049234,6.06396656682,0.558905659776,0.0,-14.5363750742,-3.73315056986,1.12487870947,-0.0498755249038,0.103777518525,0.0,505.33219331944247,507.47204941326197,507.52457863307217,508.2101924633239
4.439999999999993,-22.0469400523,-4.39204148534,22.7437226744,6.06488362141,0.565571659422,0.0,-14.8884716258,-3.79814929319,0.754573266165,-0.0727689737642,0.109936417947,0.0,419.6275347070638,420.1725882617304,420.19487869072117,418.2020692916814
4.499999999999992,-22.9520354066,-4.62216871289,22.7790139182,6.06051888678,0.576354010919,0.0,-15.2829272133,-3.87261763203,0.419477679876,-0.0752381008602,0.0862906904753,0.0,438.49785099000906,436.53755519944525,437.688499969535,437.4785636170938
4.559999999999991,-23.8833478449,-4.85749402789,22.7970654369,6.05600871555,0.583069579185,0.0,-15.7621797089,-3.97135583359,0.179292699023,-0.075047560239,0.0987289120828,0.0,477.79902208466973,478.7529407495166,479.6692652720235,479.6797638564472
4.6199999999999894,-24.843764675,-5.09867636191,22.8001886337,6.07540954423,0.592385029249,0.0,-16.253609604,-4.06672907497,-0.0778925524554,-0.0226766080281,0.117738321399,0.0,479.8358824268249,481.2861314036853,477.21829796737336,481.1986022891363
4.679999999999988,-25.8325153087,-5.34487437558,22.7850788468,6.0742054664,0.606836267866,0.0,-16.7061896426,-4.13941781669,-0.429250012137,-0.019379751935,0.0867404167066,0.0,453.9893600943932,451.5042231248419,452.7720464629768,453.0373320229788
4.739999999999987,-26.8493591637,-5.59553269805,22.7490834175,6.07343947564,0.61341501949,0.0,-17.1906143092,-4.21554335588,-0.773409578981,-0.0135758399539,0.0984379297497,0.0,463.39232373703373,464.31784981044467,463.44836742817034,463.9046132837182
4.799999999999986,-27.8930687174,-5.84991839406,22.688229329,6.07415698453,0.620126107159,0.0,-17.6025353955,-4.26384369049,-1.25688281436,-0.00116381434786,0.107137731251,0.0,414.94690736459563,415.7199899987874,415.17836267095504,416.2666004031261
4.859999999999984,-28.961939592,-6.10712435032,22.5977858708,6.08444791243,0.628670161264,0.0,-18.0296272599,-4.30937811634,-1.75991108972,-0.0376445807313,0.121916254322,0.0,411.6119927888377,412.93067306392646,414.9060708234364,411.68910755018476
4.919999999999983,-30.0590968636,-6.36753788805,22.479442034,6.0957707623,0.635974975158,0.0,-18.5452677731,-4.37043520822,-2.18784158216,-0.0792332798271,0.120243734529,0.0,450.4875875292351,450.365351963177,450.9194388873023,447.54379919171566
4.979999999999982,-31.1842544386,-6.63060854731,22.3301056264,6.09920389073,0.653289335031,0.0,-18.9624515027,-4.3982375558,-2.79329589181,-0.111800974616,0.15387688967,0.0,382.93204290745365,386.1388162232164,384.8623197261969,381.7572749711755
5.0399999999999805,-32.3372406141,-6.89582287535,22.1466913493,6.09305223488,0.662584643435,0.0,-19.4731986617,-4.44190471556,-3.32424362164,-0.104742749741,0.149681574727,0.0,427.31318013818515,426.9781753365044,426.5922872729898,427.1837628196734
