time,x,y,z,phi,theta,psi,x_velocity,y_velocity,z_velocity,phi_velocity,theta_velocity,psi_velocity,rotor_speed1,rotor_speed2,rotor_speed3,rotor_speed4,episode,total_reward
2.0400000000000014,-1.35581059981,-2.71671627967,0.0,4.93658501811,6.05493402665,0.0,-0.339967388312,-1.49192715843,-19.2577626479,-10.4224635811,20.9666651867,0.0,333.634902578,749.520111197,364.336981498,290.372144998,1,102.0
2.1000000000000014,-2.84762633252,1.43947671021,0.0,0.666691928641,2.06880493918,0.0,-1.88792507022,1.08562708416,-19.1408581849,-11.3655228349,17.3150270098,0.0,353.526958439,571.551455165,450.624882021,295.224246199,2,105.0
2.3400000000000016,-3.3934379505,6.0713107546,0.0,5.04451481465,1.70995787195,0.0,-1.19356769184,2.36837436692,-19.2653156634,13.6708808196,-3.23146814795,0.0,116.824305113,638.493619434,332.806582815,273.746428291,3,117.0
1.9800000000000013,-12.1393211589,-0.984824983761,0.0,1.81920194095,0.277467412141,0.0,-8.69407931757,-1.38889085431,-20.4510312429,13.215492758,20.5089432937,0.0,130.118205941,696.018176232,62.330599259,352.847279778,4,99.0
1.9200000000000013,-0.377965332584,0.840115085727,0.0,0.482334148265,6.13106706804,0.0,-0.15314699027,1.41656522536,-19.7777418925,22.1348814222,-11.4111962669,0.0,356.184138183,148.354985059,62.7032853571,617.740915672,5,96.0
1.9800000000000013,-0.0525132844735,-1.64050718365,0.0,0.265441483361,5.97619338931,0.0,0.743594995487,-0.638384664529,-20.0619528219,20.487847329,-10.5139230449,0.0,535.519294065,388.805351015,97.4952627989,638.266993413,6,99.0
2.1600000000000015,3.05680758659,-0.451502959572,0.0,0.940738439929,4.20851220549,0.0,0.506776848765,-1.34496199056,-21.7020749561,19.0079570134,-9.95401533526,0.0,519.30252416,271.023781283,169.9687623,584.171449128,7,108.0
2.0400000000000014,-0.602012832118,-0.267604350484,0.0,4.92246093184,4.109549395,0.0,0.0760482107312,-0.1359804614,-19.937432265,9.40182349539,10.4270304652,0.0,293.876509413,474.612084452,162.820230846,224.226283112,8,102.0
2.0400000000000014,-2.17669012933,-0.629022143879,0.0,6.07786445277,1.33754850606,0.0,-1.38180524806,-0.912309458754,-21.6500328901,2.37765045731,17.2563340413,0.0,120.430324998,568.44864848,47.9459279272,27.5547096047,9,102.0
2.0400000000000014,-0.786951912701,7.20401453143e-05,0.0,0.0958218382166,4.23337961281,0.0,0.0378584217243,-0.0107069178754,-19.9368095361,-0.16404461906,19.1073108119,0.0,69.372105074,491.358204308,120.434227308,83.8321698717,10,102.0
2.1000000000000014,-1.00569280194,-0.00827807934562,0.0,1.05273582085,5.47831494894,0.0,-0.597593494802,-0.251005800636,-19.8398415901,-0.444584824407,20.8148695922,0.0,113.994775651,567.500439867,180.30039002,162.369170568,11,105.0
2.0400000000000014,-0.934162999491,-0.00399883740477,0.0,3.96799716245,0.0427767021466,0.0,-0.338039229172,-0.0443108688344,-20.5985312248,-1.04491229368,18.9299947529,0.0,67.3048969178,614.869257571,182.539843551,119.12866387,12,102.0
2.1000000000000014,1.01675624239,-0.289981695732,0.0,3.45635099402,3.46872429008,0.0,0.603367133722,-0.90969829837,-19.9194568078,-9.71680295699,17.0702264538,0.0,90.0125006617,572.318178473,328.740332365,314.179104093,13,105.0
2.1600000000000015,-0.512903209714,0.991875217884,0.0,5.50195771997,6.10946230289,0.0,-1.27665563731,0.671913754001,-18.8674420412,-16.7246066835,9.55199208023,0.0,21.1303539804,110.059552513,806.867143987,668.470087893,14,108.0
2.0400000000000014,5.5452890078,-0.311025028059,0.0,2.63559991156,6.16956406067,0.0,4.33535117618,1.58370983186,-21.1917008463,-18.7034002788,8.54970583204,0.0,5.23297398798,340.167301265,831.483943459,407.418571233,15,102.0
2.1000000000000014,-2.16897590044,0.115638456817,0.0,2.62554564891,5.89770665014,0.0,-0.494473315914,-0.00695227918891,-20.5843169339,-9.89175451315,5.02064357258,0.0,16.7910705155,101.134761039,885.548440446,882.736840338,16,105.0
2.1000000000000014,4.42232204327,0.119536805973,0.0,1.19035213454,3.19828495688,0.0,2.41618074422,-0.302140539288,-18.2167159883,-11.1098625145,11.1048492665,0.0,12.1009183966,495.40263298,593.920901872,323.24450383,17,105.0
2.0400000000000014,-14.8386492637,1.15432037337,0.0,0.709229877552,1.03219137094,0.0,-9.88642273183,0.347663252588,-20.5244543858,-27.7368977979,0.853235973482,0.0,20.4797172403,0.511557636617,900.422239034,322.347105912,18,102.0
2.0400000000000014,8.0438030289,-0.750259884761,0.0,1.13393280721,4.83725613672,0.0,6.57171344104,-2.99097375328,-20.6939868538,-2.86789299901,20.3462291715,0.0,0.585179610472,795.048337202,144.028401955,9.19334047758,19,102.0
2.1600000000000015,-12.8457280832,-2.77055477344,0.0,1.86390135758,1.17078042984,0.0,-7.93653561872,-1.94953236825,-18.4601109952,-26.3078744478,2.15599074188,0.0,36.6734360855,25.9578901584,898.333802893,239.133003705,20,108.0
2.1600000000000015,-12.5294441472,1.1609098709,0.0,4.3468152889,1.15396716162,0.0,-9.58485279706,0.189360292876,-20.3799531135,-28.4528418603,2.23279141434,0.0,3.91302401873,3.11702232887,898.191502996,108.180045932,21,108.0
2.2800000000000016,17.2726795312,21.0664616926,0.0,3.64544915378,1.7057983226,0.0,9.36228028599,11.4144846921,-20.1402537148,-3.91179631885,28.7671867795,0.0,-0.319450954741,898.417388337,2.9383989431,0.301733370017,22,114.0
2.1000000000000014,-12.0997634628,-0.250814840589,0.0,4.99379934712,0.0297939988251,0.0,-7.40284303114,-0.326345777991,-20.7735721274,-9.25737679431,2.24711537093,0.0,18.7188569587,19.9952347101,433.795287775,121.932913448,23,105.0
1.9800000000000013,-8.38969256447,-0.803308333561,0.0,3.65853293414,0.00649093304231,0.0,-7.29895724468,0.103396165884,-19.3586800044,-6.3032211715,1.88051709772,0.0,14.0665848206,28.7741680515,672.935370952,693.969894894,24,99.0
2.1000000000000014,0.112000086768,0.384580335294,0.0,3.69245354078,3.16805012682,0.0,1.73342235365,0.608728653154,-18.2795725684,7.61733178518,3.05707643404,0.0,8.45299256632,79.8607590467,735.572314543,779.043288576,25,105.0
2.0400000000000014,-5.03030305537,0.746035197197,0.0,0.0784779709456,3.25815389053,0.0,-5.09441403525,0.210467658517,-21.213278229,-0.0582357135082,4.92303574233,0.0,8.5635876327,300.597978272,96.1812718201,88.7838281709,26,102.0
2.2200000000000015,-2.75669841971,-0.554386607216,0.0,2.27344982643,3.37634263053,0.0,-1.64857598282,-1.64777231301,-18.0809694111,3.35171896538,5.60512499035,0.0,10.9182387157,407.089110942,158.18245779,79.2439077677,27,111.0
2.0400000000000014,-0.548421610204,-0.188389083035,0.0,0.811392394158,5.81695651316,0.0,-0.145651292841,-0.295689880799,-21.1715174965,10.4068117024,4.4220750504,0.0,26.0505505459,181.698607915,600.229830294,711.804466439,28,102.0
2.0400000000000014,-1.06588983137,0.60318508836,0.0,4.55847835411,1.14482018695,0.0,-1.88916850406,1.66317669102,-19.7675745757,11.8239153606,3.62369846907,0.0,3.27887808669,38.4721717077,873.751618287,883.394860222,29,102.0
2.0400000000000014,-1.91160939531,-1.18249421111,0.0,4.50900415863,1.74533870796,0.0,-6.03125381736,-0.328684012594,-22.1354612512,11.137171313,3.01090262528,0.0,3.43014895576,34.8665093036,872.272207718,889.455252648,30,102.0
2.1000000000000014,-1.74400891727,-0.729732194836,0.0,0.275909474658,3.87133534832,0.0,-2.74990333431,-0.94521190604,-21.0712806282,14.2210792596,3.44905536101,0.0,10.6729823269,81.7940779473,708.451611702,810.741954285,31,105.0
2.1000000000000014,3.06722067802,0.594754928455,0.0,2.0555357241,3.87586596671,0.0,3.06744857309,-0.898596904121,-19.9587468782,12.144534712,4.68983395118,0.0,9.3749650275,195.283342207,820.624015903,848.99645036,32,105.0
2.1000000000000014,4.26517992594,0.3477614688,0.0,4.15759333194,2.96516132188,0.0,8.34064033675,0.61191397231,-19.6499012467,11.318385302,3.62482620278,0.0,6.20737764633,219.063523759,694.165886794,637.346981067,33,105.0
2.0400000000000014,-1.15210478508,-0.232066659933,0.0,4.57164459305,0.477044360767,0.0,-1.35350900737,-0.52880878095,-20.8865674223,15.5021212395,0.351841924715,0.0,16.6279896489,51.8606208491,440.321309399,667.917048253,34,102.0
2.2800000000000016,-0.132943240571,0.0846782588025,0.0,1.11190769954,0.077802951121,0.0,-0.332366159549,-0.158279193532,-18.5769692906,13.7906541564,0.111905704465,0.0,15.2418926175,30.8975424855,712.567501612,863.641504338,35,114.0
2.0400000000000014,-0.0128044498341,-3.33072570666,0.0,3.75487973611,0.017916153209,0.0,-0.0242601403483,-4.61147953721,-20.6337930762,15.5198464775,0.0569269908061,0.0,20.4666489592,52.3367075788,454.616381269,759.181902617,36,102.0
2.1000000000000014,-0.0018369204991,1.44759668007,0.0,2.04349264746,0.002156930775,0.0,-0.0057901592343,0.0750323548244,-18.8133431302,10.3030340301,0.0111686946352,0.0,5.67675905029,16.638667346,708.73426621,762.847946273,37,105.0
2.2800000000000016,-0.000996569347782,0.965402160662,0.0,0.897419730615,0.000906938219584,0.0,-0.00228119439361,-0.868850338756,-21.5363804,11.1048375209,0.00512443998179,0.0,3.80492762039,14.1715383701,852.061116836,883.614209442,38,114.0
2.0400000000000014,-0.000253456724019,-1.83836158937,0.0,4.5882632077,0.000921531108235,0.0,-0.0018303573662,-1.67748755764,-20.7753897584,8.28840220671,0.00420395045603,0.0,2.2554155975,9.4407849809,856.218335698,888.145313262,39,102.0
2.1600000000000015,-0.000439851150214,-4.50207193859,0.0,2.14278569034,0.0011433300717,0.0,-0.00450764997334,-3.71086508396,-20.734713807,9.56343874325,0.000731251872588,0.0,6.30830742633,6.16232146791,807.463364426,884.68027685,40,108.0
2.3400000000000016,-0.000966402318467,1.32478652466,0.0,4.78650809714,5.8696268824e-05,0.0,-0.000904726195082,-1.44597285678,-23.5990222509,5.75485097458,0.00203608796968,0.0,3.30988272577,10.3548495318,879.88471683,897.622682298,41,117.0
2.4000000000000017,-0.0131479475833,-1.70108940205,0.0,2.30403394634,0.0331534569064,0.0,-0.114128388097,-0.892823530349,-19.6255021841,7.13464569768,0.0493274817531,0.0,0.235753609116,1.40714327319,893.653205077,898.078175999,42,120.0
1.5000000000000009,2.50288007572e-05,12.3658403492,0.0,0.638636370995,6.28318445222,0.0,3.23077339065e-05,8.85882176164,-29.6343008817,4.85435719453,0.000211343080477,0.0,3.21507043088,5.36751299921,763.301505506,858.793270793,43,75.0
5.0399999999999805,0.000325209839327,82.9889442765,12.5482586393,1.81188072725,6.28304184783,0.0,-0.000169954304971,19.9047036023,-18.2914787241,0.110147813084,-1.04854044274e-05,0.0,-0.145509860924,-0.625729114284,899.725957172,900.086341595,44,252.0
5.0399999999999805,0.0013434525962,-13.5745380466,90.8434972984,5.54702285594,4.32188867441e-05,0.0,0.000872404277336,-10.6653656059,14.4396017466,-0.329274463182,9.99933936436e-05,0.0,-0.447570798082,0.0884970231333,900.145283491,900.253897383,45,252.0
5.0399999999999805,0.00245882875693,12.511880115,91.6362677388,0.517347986456,6.28311908941,0.0,0.00161987534689,7.73380404002,15.7969042033,0.153240809604,-2.27308552533e-05,0.0,-0.113994348727,-0.0462203687359,899.808018843,899.50598755,46,252.0
5.0399999999999805,-0.00363244807819,-22.6677035883,92.4989660939,0.450360264956,0.000161761866706,0.0,-0.00285756977015,-8.33494111649,20.2997733333,0.370114536708,9.6348504014e-05,0.0,0.380011602685,0.626875255828,900.669650725,900.088062753,47,252.0
5.0399999999999805,0.00692412271512,-17.0827978625,89.787594263,5.49694534478,6.28294774213,0.0,0.0046488533349,-12.5942966839,13.200996702,-0.161799861829,-7.64800932971e-05,0.0,-0.304651675871,0.097531481676,899.678314174,900.408882696,48,252.0
5.0399999999999805,0.00745627189284,26.956152573,85.8630054258,0.882323907377,6.28283778489,0.0,0.00520735382561,16.5011981829,9.75327697721,0.0345233007753,-0.00012893210645,0.0,-0.335004508813,-0.445371956894,900.226413581,900.051500095,49,252.0
5.0399999999999805,0.000170930127783,-12.2720054352,91.3447099861,6.14412094906,6.28312720346,0.0,0.000326223185255,-8.3951466582,15.9320107365,0.252517498459,-7.60817697619e-05,0.0,0.129592355067,0.240371753881,900.565728723,900.300201746,50,252.0
5.0399999999999805,0.00236769818932,-39.2724324825,74.0370236924,4.23632333015,6.28304414754,0.0,0.0016890920799,-22.4168670134,-2.69752298708,-0.538545211066,-4.13003052654e-06,0.0,0.261260773101,-0.563926280291,899.955169932,900.770055707,51,252.0
5.0399999999999805,-0.00244393692539,11.3365985951,91.4344658514,0.620930869422,9.73344644022e-05,0.0,-0.00164640661531,9.96998893474,14.8971011001,0.0511269097893,3.4317623074e-05,0.0,0.255596149338,-0.058701367112,899.955579784,900.352571931,52,252.0
5.0399999999999805,0.00807015541093,-6.23866111916,92.4094769849,6.18138942218,6.28284594467,0.0,0.00622766089439,-4.35265002865,16.8591586443,0.10109858765,-0.000101260765359,0.0,0.449381313767,0.281934961963,900.242488627,900.220393944,53,252.0
5.0399999999999805,-0.00916934059245,9.04096020388,92.2378507945,0.298051283315,0.000199760200952,0.0,-0.00522229530409,5.11751388657,16.6061663084,0.153327820381,2.59360315718e-05,0.0,0.35266433794,0.636001237758,899.600462198,899.935101723,54,252.0
5.0399999999999805,0.0130557669465,7.95432695248,92.2833486544,0.610048917176,6.28278041109,0.0,0.00866446847507,6.18342453163,16.4868373748,0.399185843645,-8.21377190043e-05,0.0,0.619417235595,0.0826458167649,899.772170988,899.116241727,55,252.0
5.0399999999999805,0.00412297902112,-13.6667820194,91.1524992031,5.86434423471,6.28310242206,0.0,0.00236909026657,-8.65811077634,15.4992899483,-0.357199768633,-8.539029687e-06,0.0,0.291760417598,-0.0999907692721,900.292143674,899.170901711,56,252.0
5.0399999999999805,-0.00653474234014,3.21612901495,92.9105909907,5.91959939946,0.000196983420302,0.0,-0.0042524661568,-0.152676925866,17.543614811,-0.393130306426,7.28126816994e-05,0.0,0.0861430744553,-0.774626215555,899.871177999,899.823713405,57,252.0
2.2200000000000015,-20.9479993104,0.247284967012,0.0,0.025682616762,0.744637460498,0.0,-23.3898484951,0.268157727795,-29.4242596009,0.123353950694,-3.7129097023,0.0,58.3501665309,0.183714393184,899.540877841,899.997360687,58,111.0
2.1600000000000015,-4.21000279421,-1.35862158988,0.0,5.99372220622,1.61390887534,0.0,-2.90140536883,-1.94855595024,-13.6475011622,-0.218190828452,-26.2079157599,0.0,816.878023498,-0.444095374267,900.088677623,899.936309345,59,108.0
2.1000000000000014,8.26462953243,-0.00435942783423,0.0,6.23723925289,5.70427702238,0.0,2.27899373884,0.0058885902512,-20.6496089292,-0.0507114539029,-17.9178362316,0.0,410.94446149,0.372971749998,900.234057712,899.587351755,60,105.0
2.4000000000000017,-4.13494228491,0.583377510658,0.0,0.367314051438,3.74372734896,0.0,-4.77439775175,1.23962222029,-15.2190549194,0.0604257258098,-23.5096411773,0.0,726.248741437,-0.382015223181,899.885834423,899.572964715,61,120.0
2.640000000000002,1.49343582678,0.189758459844,0.0,0.0809357613212,0.215857447705,0.0,-1.8041029676,0.44569297334,-15.5629051708,-0.153061045448,-20.4896467727,0.0,483.979361039,-0.385941851238,900.487686069,899.59395411,62,132.0
1.8600000000000012,5.1329658874,0.00768229852669,0.0,6.22735122907,6.13197633115,0.0,3.0117225101,0.0893199134575,-22.357914394,0.0302913686403,-25.4069609227,0.0,749.62406715,0.680106925277,900.304196023,900.828489413,63,93.0
2.0400000000000014,-13.9046240119,-0.0917568235354,0.0,0.180441936944,4.68417180065,0.0,-14.19727647,-0.309530622987,-23.3616196252,0.197289018865,-13.8719751181,0.0,293.817510227,0.130053403195,899.615596709,900.187505485,64,102.0
2.580000000000002,27.5915455951,-0.00105544877612,0.0,6.21864488204,0.169121678529,0.0,14.0169378375,-0.438355104075,-15.4089241947,0.0825889755966,-3.64590003456,0.0,-0.0241817920087,-0.351956523371,899.961921041,899.761830915,65,129.0
1.620000000000001,-15.752428774,-0.375579944171,0.0,0.120656718513,0.166044011765,0.0,-26.7991447067,-0.270976925062,-23.0461560758,0.110467367626,-2.2698368838,0.0,28.7037982956,0.471686594859,899.555729455,900.052213053,66,81.0
5.0399999999999805,2.59998893866,-23.8812671878,86.6984175719,5.51016461908,6.22781593741,0.0,1.3547370034,-15.9712529976,10.3677607278,0.0547363221427,-0.0112336108695,0.0,0.448257745276,0.169447521309,899.388488192,900.540465178,67,252.0
5.0399999999999805,0.00102683389813,-45.6542240309,67.746518417,4.32213982079,6.28310305871,0.0,0.000687332518266,-22.0869065567,-4.68004987239,-0.460990497057,-2.19022911104e-05,0.0,0.430278730354,-0.295093647526,900.102050062,899.937054199,68,252.0
5.0399999999999805,0.000448397416696,80.1266191658,54.5819307325,3.12385437122,3.25278909727e-05,0.0,-2.14995776347e-05,59.3277410063,-11.3140361338,0.657280290091,2.79758236427e-05,0.0,0.437890490044,0.516975327233,900.306424124,899.870493805,69,252.0
5.0399999999999805,0.00441123672902,-3.85379035797,92.6355051009,6.17560989739,6.28305177329,0.0,0.00282590432164,-3.53367663939,16.9480511087,0.209764267787,-3.35215520782e-05,0.0,0.394017736662,-0.430947034422,898.991232774,900.346752288,70,252.0
5.0399999999999805,-0.000253522992797,0.652366695293,93.0091153283,0.549296507041,6.28317801397,0.0,-0.000207201045377,3.22181872832,17.5349231669,0.352924713082,-2.69316315787e-05,0.0,-0.109383936309,-0.675959224585,900.209124161,900.240921831,71,252.0
5.0399999999999805,0.00170455313482,0.0458800434372,92.8668479068,5.52995575239,1.97798470847e-05,0.0,0.000663276752343,-6.05120404563,16.7608658788,-0.58088204711,4.36762279707e-05,0.0,0.176843858655,-0.108913894109,900.270773773,899.700563701,72,252.0
5.0399999999999805,0.00500666564981,-5.91674654546,92.2926169942,5.88144552808,6.28308081992,0.0,0.00297907614495,-6.17655619459,16.354673409,-0.0637189102229,1.4010190709e-05,0.0,-0.373735975164,-0.250402398591,900.26012596,900.788340242,73,252.0
5.0399999999999805,0.00818784807767,-2.45968812092,92.7312232591,6.09235099848,6.28296046016,0.0,0.00526547011134,-3.32346872215,16.995588081,0.0945565025492,-4.76953074602e-05,0.0,-0.170517804776,0.196274708792,899.741296384,900.56211917,74,252.0
5.0399999999999805,0.000887535071452,27.4011186201,87.9821142306,0.744011754246,0.000176264778803,0.0,-0.00100641906028,13.0174056694,13.0250828046,0.433293375219,7.33711179536e-05,0.0,0.327881367199,0.0189024929946,899.528745062,900.235091056,75,252.0
5.0399999999999805,0.0044311122677,-15.9727944123,89.2713545753,5.18090510302,6.28305449946,0.0,0.00295402383025,-14.9742394847,11.4153012431,-0.51032411911,-4.27830854802e-06,0.0,-0.0287306349584,0.119843601011,900.976529382,900.260163707,76,252.0
5.0399999999999805,0.000689501052992,17.2300656951,89.983651161,0.908332232592,6.2830766787,0.0,0.00098209982962,14.0982684973,12.3381490235,0.142675451514,-5.20296587261e-05,0.0,0.120163935412,-0.159796710133,899.570854595,899.879687634,77,252.0
5.0399999999999805,-0.00330396860328,-13.5122123715,90.8629419577,5.56406208774,0.000174945992713,0.0,-0.00280854124271,-10.5160675911,14.5027332005,-0.448198218164,4.30879194329e-05,0.0,-0.378174222143,0.178113229073,899.798289541,899.324636968,78,252.0
5.0399999999999805,-0.00716420339329,30.8476581323,83.3726566113,1.18386945617,0.000544417315778,0.0,-0.0062797292085,18.4767537651,6.98898785151,0.125392414547,0.000211616703825,0.0,0.189613116413,0.359254938308,900.263181713,900.032149317,79,252.0
5.0399999999999805,-0.000370197499511,30.5423380829,86.3470441784,0.328720028723,6.28316089582,0.0,5.14955879485e-05,13.8947594069,13.3219726428,-0.339753647981,1.12685992005e-05,0.0,-0.0241674962553,-0.366067722137,900.210885442,899.704300063,80,252.0
5.0399999999999805,-0.00287357630918,-2.90622695537,92.7882160455,5.77970622497,6.161476764e-05,0.0,-0.0016906845597,-3.93766919191,17.0188790359,-0.441322883264,1.13098977029e-05,0.0,-0.156451900281,-0.376781477493,900.037743161,899.700385242,81,252.0
5.0399999999999805,-0.00891419439742,-38.1890686714,77.8627508589,4.99019536067,0.000483885983798,0.0,-0.00550250114014,-20.3556139501,3.40014479857,-0.320717640774,0.000191567781555,0.0,-0.394717740366,0.487843070019,899.889334029,900.261530991,82,252.0
5.0399999999999805,0.000756555707618,0.820460561574,93.0304088882,0.527414548791,6.28309528214,0.0,0.00096986079976,3.97517662058,17.2337613078,0.336262086828,-5.53369564833e-05,0.0,0.00480928686154,-0.0413495499246,900.389985977,899.958113275,83,252.0
5.0399999999999805,-0.00154395402644,33.6187366267,83.5761666046,0.848690693297,0.000131430282186,0.0,-0.00135942798415,17.1374897009,9.44398972729,0.272024244689,6.1629860819e-05,0.0,0.0436308426697,-0.0370937281494,899.875458071,899.728582328,84,252.0
5.0399999999999805,0.00763485701253,7.58602676214,92.7739185247,5.8941068822,6.28308240399,0.0,0.00424774945662,-0.461488514596,17.6650834048,-0.296908592154,2.27370837472e-05,0.0,-0.256092764099,-0.145393317176,900.274326258,900.163006371,85,252.0
5.0399999999999805,0.00213351089011,-13.6998592624,90.5160544047,5.40314420774,6.28315519042,0.0,0.000897868569644,-12.3992502207,13.4170856512,-0.461312733915,-2.66476364997e-05,0.0,-0.0549751008536,0.0901758220436,900.249068349,899.393012032,86,252.0
5.0399999999999805,0.00566858224872,6.35041763324,93.0726619051,0.995228300757,6.2827648465,0.0,0.00586204881072,9.83797669201,16.3665241868,0.353375982944,-0.000196295335855,0.0,-0.121571480646,0.691839801164,899.798143983,900.133347074,87,252.0
5.0399999999999805,-0.00147434175222,24.1783881312,87.1112731329,1.35699028457,6.56984165426e-05,0.0,-0.00087205927981,17.6725296113,9.39431709184,0.296128636296,5.30187266902e-05,0.0,0.377402175382,-0.172478012079,900.062146309,900.046512263,88,252.0
5.0399999999999805,-0.000928505679646,44.9377838548,76.6718664671,2.37817539565,6.04105024671e-06,0.0,-0.000485485991824,28.502116722,1.80746116,0.650312363665,-1.37916858609e-05,0.0,-0.23335239326,-0.625766962649,900.277309184,900.39356558,89,252.0
5.0399999999999805,0.00010151041529,59.6866003267,61.583850063,2.6135695763,6.28312674695,0.0,0.000367625638201,30.0461773422,-5.43533205403,0.614234632754,-3.44790114561e-05,0.0,-0.280354602261,0.401418481144,900.172632119,899.89724151,90,252.0
5.0399999999999805,-0.00707898841266,25.6299001398,87.5636096725,1.65239536599,0.000308029591194,0.0,-0.00514190365826,19.4552005678,9.71124552909,0.566577845214,0.000114976371223,0.0,0.284924412294,-0.0775254059956,899.574033494,899.926074305,91,252.0
5.0399999999999805,0.00400889827018,-4.74771906446,92.4457657158,5.95622146773,6.2831128455,0.0,0.00223325522775,-5.72317601649,16.4830729297,-0.0459988895944,3.28143926061e-06,0.0,0.521041164263,-0.535967791312,900.373383787,900.232376411,92,252.0
5.0399999999999805,-0.00119859060092,7.16808957553,92.6675992184,6.27742698487,0.000134582644783,0.0,-0.00139816302543,1.95517907684,17.2450696559,-0.152956124752,7.92920855011e-05,0.0,0.125222451712,0.0972850383267,900.622796378,899.817974263,93,252.0
5.0399999999999805,-0.00328152309738,1.00137945519,93.0051178088,0.582038431283,0.000208839915488,0.0,-0.00320096949654,4.30810784415,17.2984955,0.328457111228,7.50749096103e-05,0.0,0.0581461536401,0.216486013072,899.697026281,899.814104076,94,252.0
5.0399999999999805,-0.00193732163037,37.2703491551,79.3014181951,1.44974506245,4.46252954465e-05,0.0,-0.00103081704766,20.6362126742,3.18406159561,0.161740823642,-1.27809610173e-05,0.0,-0.402654647843,-0.0222168928715,899.585015416,900.097772693,95,252.0
5.0399999999999805,0.000338047553526,34.6304183951,80.8926248951,1.4374339801,6.28315340508,0.0,0.000275755497698,19.5264883428,5.10295022101,0.624400757482,-9.82532674597e-06,0.0,0.0115154602406,-0.138773616325,899.085785682,901.016510807,96,252.0
5.0399999999999805,0.00860183986319,-15.0438667071,90.4597426273,5.63156641578,6.282613071,0.0,0.00784667632389,-10.8866613446,14.300572272,-0.284712058243,-0.000232915825595,0.0,-0.835451258991,0.378884342284,900.184319899,900.43601102,97,252.0
5.0399999999999805,0.00270965322653,-49.7784777587,61.6282300588,3.82853664131,6.28309348444,0.0,0.00139423103252,-22.5122996196,-9.57720973985,-0.734214672732,-3.15782983805e-05,0.0,-0.888515163275,0.244017762688,899.983208093,899.62373413,98,252.0
5.0399999999999805,-0.000813996572983,-5.84997423188,92.2990041146,5.5524373031,0.000222463873502,0.0,-0.00239419162288,-8.03092741549,15.8613999564,-0.408081419995,0.00011394671733,0.0,-0.231690360641,-0.151074001196,900.318332436,900.393653279,99,252.0
5.0399999999999805,-0.00837006142019,-21.0312887833,89.0822810031,5.73149852373,0.000306468556798,0.0,-0.00581082726883,-12.1318392913,13.7220651384,-0.369900918977,0.000105850884338,0.0,0.0112842450278,-0.573981195413,900.638286716,899.176718927,100,252.0
5.0399999999999805,-0.000340413007203,25.9621289409,86.104549561,1.43164559391,0.000166383568204,0.0,-0.00123660280601,17.8836142825,8.76350826288,0.561217904136,8.60484933156e-05,0.0,0.264523186306,-0.357605777595,899.969830052,899.795979995,101,252.0
5.0399999999999805,-0.00241990329424,28.3087653981,87.1529637277,0.647084785032,5.3410030552e-05,0.0,-0.00114993236053,13.6509780901,12.857928423,0.383749970539,4.47631990672e-05,0.0,0.181710810201,-0.215562360717,898.975286885,900.195529354,102,252.0
5.0399999999999805,-0.0037807106991,-28.9931795067,86.1888944271,5.90331629946,0.000146801119225,0.0,-0.00263811024333,-16.0431512761,12.3111659042,0.130247281366,4.29205475705e-05,0.0,0.395462457242,0.293718571969,899.795044558,900.572143086,103,252.0
5.0399999999999805,0.000862679338118,15.6312253085,91.5393282027,6.03658481366,6.28314980768,0.0,0.000630149629412,4.57556653376,17.4208666367,-0.521038189876,-7.81782574393e-06,0.0,-0.0802461166154,-0.135228611296,900.181115987,899.610239057,104,252.0
5.0399999999999805,0.000984588612506,25.8615592191,86.9826908736,0.602347520197,6.28309082731,0.0,0.000775742779241,14.5578268908,12.1719747419,0.15087779689,-7.12425277467e-05,0.0,-0.585446214029,0.307796849063,899.772956732,900.028016769,105,252.0
5.0399999999999805,-0.00414016780375,24.7711512722,87.6965310807,1.60304429207,0.000108502532211,0.0,-0.0025729437831,19.0788664203,9.53476990188,0.448119276209,1.40240121996e-05,0.0,-0.253125108857,-0.381093125454,899.77692969,899.481082185,106,252.0
5.0399999999999805,-0.00277166517871,33.3206104121,81.7862489774,1.12232900139,0.000151104003865,0.0,-0.00186545519286,19.3318031893,5.77560954163,0.211118758237,5.47190090723e-05,0.0,-0.255313525735,0.228445063308,899.78407027,900.523713801,107,252.0
5.0399999999999805,-0.00327718743782,-23.5869716417,87.3630572901,5.29190939222,0.000473985257759,0.0,-0.00426291929477,-15.2739492176,10.9272952691,-0.380400616231,0.000276143720329,0.0,0.306821762941,-0.850092994539,899.740234934,900.235690021,108,252.0
5.0399999999999805,-0.00195277594583,25.6655467975,86.642157723,1.60572366685,6.28316370744,0.0,-0.00076777594353,19.053653622,8.88389802311,0.454136862405,-3.56016826011e-05,0.0,0.281486934349,0.438121583619,900.083950799,899.478059145,109,252.0
5.0399999999999805,-0.00295032673842,-21.5687476485,87.1293837975,5.06696448038,0.00034971117668,0.0,-0.00308582628703,-16.8065674158,9.38955350612,-0.463750559298,0.00019076151524,0.0,0.335139059533,-0.128029553479,900.091245244,900.075218226,110,252.0
5.0399999999999805,-0.00124957091136,46.5619293321,70.9782134196,1.57214400379,0.000151578091065,0.0,-0.000978986877799,21.7106372046,-1.70008180632,0.156621329395,7.36453977852e-05,0.0,0.506362101357,0.0194824768953,899.68651302,900.083209234,111,252.0
5.0399999999999805,0.0079860515811,-5.43744060081,92.5690482865,6.24670648818,6.28296860902,0.0,0.00505882263684,-3.82360475286,17.0500092992,0.00754555878659,-4.17998682896e-05,0.0,0.307669169776,0.385932373797,899.797385675,899.32366197,112,252.0
5.0399999999999805,-0.00015064435282,17.9710077519,90.0609425452,0.561456253018,6.28313775688,0.0,0.000186139267419,10.7633351953,14.4078645406,0.150186206601,-3.10557441973e-05,0.0,0.12350238833,0.0359206234302,899.772643405,899.759054254,113,252.0
5.0399999999999805,-0.00274040371021,-13.0518622368,90.8958097571,5.73182819817,9.89502527471e-05,0.0,-0.0021798037491,-10.4304610334,14.5735188454,-0.0850791332915,6.63707261031e-06,0.0,0.368706032274,-0.135478116281,900.013545607,899.963055483,114,252.0
5.0399999999999805,-0.00520213423509,65.890488926,56.2410139966,2.25923109129,0.000274893026121,0.0,-0.00221126637791,26.6654113477,-5.32548714707,0.0696870574032,6.62398971616e-05,0.0,0.280664034819,0.466830875215,900.139093867,900.163666692,115,252.0
5.0399999999999805,-0.00904806613434,21.8931100737,89.3392911768,0.414655016425,0.000475198996837,0.0,-0.00730046767865,11.0047661054,14.5896520065,0.0986977653379,0.000159723645873,0.0,-0.32507298027,0.320535985452,899.699685877,899.877661678,116,252.0
5.0399999999999805,0.0014339829921,25.9302724218,86.330455658,0.779687053764,2.05128685264e-05,0.0,0.000426442022489,15.9244552829,10.522853946,0.00321702154835,1.95881335793e-05,0.0,0.0427137197749,0.722212011318,900.735187095,900.132371256,117,252.0
5.0399999999999805,-0.000821488959867,-32.8971999732,81.7882385026,4.86452578487,6.48986607574e-05,0.0,-0.000819173602417,-19.400452028,5.39538927427,-0.521048672475,-7.99769691767e-07,0.0,-0.12743973796,0.594294887764,900.270599551,900.08069927,118,252.0
5.0399999999999805,-0.0125669168975,-27.6634451408,84.6502517098,4.96528773776,0.00035880949027,0.0,-0.00727887090867,-18.1855432628,7.52646494425,-0.387992499317,8.36154366174e-05,0.0,-0.275757529598,-0.181392946747,900.099837157,900.519910109,119,252.0
5.0399999999999805,0.00118514397198,7.88202112287,92.4481436221,0.159049742708,6.28314788272,0.0,0.000743893422763,3.73635526547,16.9395759205,0.118264505747,-1.6764525821e-05,0.0,-0.329577642729,-0.538071134241,899.520509029,900.362400259,120,252.0
5.0399999999999805,0.000358555499382,38.2304576451,80.9359066872,0.744264438794,6.28315651113,0.0,0.000335797501559,18.5063704763,8.50614985719,0.0328686555896,-9.0507462349e-07,0.0,0.104007431886,0.500751633858,899.901684077,899.85666262,121,252.0
5.0399999999999805,0.00120112461005,31.9732946813,85.2973438486,0.3050760006,3.52915544282e-05,0.0,0.000379106906421,14.554998508,13.275065062,-0.113899366191,3.77133855449e-05,0.0,0.532918212361,0.114545967304,900.191596378,900.675854572,122,252.0
5.0399999999999805,-0.00288318273828,-36.7134969196,80.2400617882,5.47483713843,9.49370365504e-05,0.0,-0.00172622422444,-20.2298624919,6.36101029792,-0.125904239235,4.22233639659e-05,0.0,-0.535302848604,-0.323198123395,900.283515951,899.891566053,123,252.0
5.0399999999999805,0.000416294552517,-10.1880497206,91.0818233588,5.47999849831,1.28822253496e-05,0.0,0.00025776222121,-11.6486959009,13.9492445236,-0.184605871314,2.55595899621e-05,0.0,0.6788948677,-0.168929881716,899.263671326,900.830191368,124,252.0
5.0399999999999805,0.00314478535167,-34.6086207203,81.7377619802,5.38456225938,6.28310529231,0.0,0.00186847464684,-18.8929893421,7.19721474366,-0.129549924772,-6.13719016529e-06,0.0,0.256273476327,-0.119964198327,899.992152781,899.893751763,125,252.0
5.0399999999999805,0.00916997380247,-11.3889785229,91.4756083029,5.59471128897,6.28292496269,0.0,0.00581969040509,-9.81128276945,14.9472023121,-0.182736294922,-5.19308344514e-05,0.0,0.285644669596,-0.188453431195,899.930832102,900.194294714,126,252.0
5.0399999999999805,0.00159597203949,-5.43323413765,92.5022928016,5.9415408366,6.28312430736,0.0,0.00113972363681,-4.19798401672,16.8247968636,-0.531964809218,-1.51449323646e-05,0.0,-0.0556062323396,-0.32025570045,900.494576499,899.519785377,127,252.0
5.0399999999999805,0.00758847179567,13.3122358876,91.5097326733,0.602998253987,6.2827218984,0.0,0.00648744005508,8.50149381229,15.5159449574,0.256177580359,-0.00024808483627,0.0,-0.105222409435,-0.63134898338,900.464429801,899.921300853,128,252.0
5.0399999999999805,-0.0017554321571,-3.80866842168,92.6315076913,5.85649986293,0.000138739835791,0.0,-0.0019767186813,-4.3663730798,16.8527570862,-0.256076963032,4.91453321709e-05,0.0,0.0649250856007,0.0121667124873,900.150295125,900.480648165,129,252.0
5.0399999999999805,-0.000378612801457,38.7854448848,79.7972695641,0.678610901748,0.000140272991037,0.0,-0.000916104439032,19.3799955905,7.73982617884,-0.127476148511,8.00725036202e-05,0.0,0.0356616769377,0.139854319777,900.215775714,900.254115591,130,252.0
5.0399999999999805,0.00622115908347,20.0550870757,88.9011166205,1.39854819752,6.28303771245,0.0,0.00365064160134,16.1215639019,11.5411761067,0.559237754872,-2.22912958331e-05,0.0,0.289465837858,-0.0333412060709,900.431310303,899.898450568,131,252.0
5.0399999999999805,-0.00223785460979,-30.326147779,82.5118753739,4.59636364353,0.000120883495826,0.0,-0.00185656496369,-20.0771729961,4.6042927761,-0.731070394871,1.57093291301e-05,0.0,-0.321022732713,-0.11238084292,899.937548651,900.202596741,132,252.0
5.0399999999999805,0.00328028978368,6.59508613289,92.9317412569,5.79060464388,6.28298535459,0.0,0.00328003971792,-2.12699335408,17.5092640598,-0.608589390194,-6.81273519351e-05,0.0,-0.433646437677,0.00858839150325,900.53112831,899.785979144,133,252.0
5.0399999999999805,0.000590789932143,6.79287681375,94.1428698286,1.45300737247,0.000139015538264,0.0,-0.000571545642107,13.339576881,17.522052599,0.641957264214,0.000128054210194,0.0,0.271810199859,0.23177751084,899.334904571,899.202860797,134,252.0
5.0399999999999805,0.00124805113804,15.8703011569,90.648957879,0.538003073546,6.28308607745,0.0,0.00112279089631,9.72475328765,14.956858069,0.237328847847,-6.02868280478e-05,0.0,0.225429064277,0.207127699263,900.202773552,900.33409932,135,252.0
5.0399999999999805,-0.00540101375189,30.8686099179,83.3483687617,1.30894567811,0.000194725221092,0.0,-0.0034422714712,18.6678757902,6.79048199006,0.384688348168,4.54033570969e-05,0.0,0.23084828909,0.0321138754583,900.204512929,900.274761642,136,252.0
5.0399999999999805,0.00386439419327,3.64510273182,92.6427640279,0.0708828065313,6.28299762245,0.0,0.00315759996085,3.50867744818,16.9855729207,-0.168537009991,-6.75945387304e-05,0.0,0.745303347726,-0.0724537022664,900.079439563,900.239997236,137,252.0
5.0399999999999805,-0.00221646551646,-52.2405250651,57.5926398694,3.75381189559,7.79259702091e-05,0.0,-0.000983451872884,-22.2269324456,-11.8789576434,-0.53224708818,1.97022643422e-05,0.0,0.109239209417,-0.262631018471,900.676050681,900.02811646,138,252.0
5.0399999999999805,0.00107962861568,-34.1588895086,79.5833636265,4.50058405287,6.28300803192,0.0,0.00131887292064,-21.276518562,1.79049637243,-0.475702046231,-9.22856421409e-05,0.0,0.723122441851,0.225623353912,899.601508816,900.613521467,139,252.0
5.0399999999999805,-0.00347888692812,6.45558023421,92.6070225201,0.660315028573,0.000243845195522,0.0,-0.0034889720426,7.93812660271,16.1201942112,0.0885882879188,6.70624836815e-05,0.0,-0.583036046174,-0.0291901290026,900.582427568,899.985087445,140,252.0
5.0399999999999805,0.00824382632322,36.227755938,79.7513234402,1.42117175945,6.28281031226,0.0,0.00527686374739,20.1403923506,3.93963703196,0.288249701644,-0.00010649451768,0.0,-0.117167004098,-0.0824409860216,899.96959838,900.185440058,141,252.0
5.0399999999999805,-0.0030799505476,24.7813167635,86.9768036181,0.993978947595,0.000212666129734,0.0,-0.00293355130026,15.5891122585,10.6200163585,0.279569814338,3.92762380097e-05,0.0,-0.416977375477,0.0579116944787,899.867116443,899.58505495,142,252.0
5.0399999999999805,-0.00186617622237,0.13649804813,92.8752046766,0.286701210213,0.000200747621364,0.0,-0.00227491752313,2.71199887783,17.1497259106,0.162700962379,0.000129521121935,0.0,0.260024401668,-0.540109736187,899.969547949,900.239977146,143,252.0
5.0399999999999805,0.00434769725625,1.02194145481,93.3460084425,0.816073060736,6.28296208457,0.0,0.00413653287477,5.27018074824,17.8439583599,0.422253130972,-3.79082721572e-05,0.0,-0.128220987201,-0.341869334617,900.042115198,899.3235022,144,252.0
5.0399999999999805,0.000510965585053,-27.1063913741,84.2709856266,4.85427668503,6.28315054132,0.0,0.000348314882725,-18.9212478215,6.48262650075,-0.445417345247,-2.39079040126e-05,0.0,-0.413929487248,0.339818814551,899.660077068,900.427079405,145,252.0
5.0399999999999805,0.00027783369509,15.2458386482,90.591513339,1.09122592787,6.28279427295,0.0,0.00267400300324,12.7498931086,13.6613214529,0.57613523722,-0.000267558732182,0.0,-0.644752009942,0.205656128279,900.329602761,900.48541466,146,252.0
5.0399999999999805,0.00980941324495,-0.716270055405,93.9959989467,0.771885696675,6.28294736085,0.0,0.00596003766117,5.51594674662,18.0780600911,0.291133395292,-6.61988667452e-05,0.0,-0.116242344882,0.0147758853323,900.169050656,900.308051094,147,252.0
5.0399999999999805,0.00491786249507,12.0301309206,91.980149813,6.20654592871,6.28296265559,0.0,0.0036650026801,4.51229787113,17.161382384,-0.181109165131,-0.000122635275716,0.0,-0.375954406539,-0.574074669758,899.510438997,900.025972021,148,252.0
5.0399999999999805,0.00151845700837,-33.5722445064,81.3033619085,5.10234640805,6.28313621364,0.0,0.000839269728983,-19.2669639369,5.68199041833,-0.293020742613,-1.55510975514e-05,0.0,0.0362950463391,0.312648296552,899.59895204,899.739044783,149,252.0
5.0399999999999805,0.00648334377715,9.17416507012,92.4978147412,0.945756784978,6.2830615503,0.0,0.00355517947671,11.1451090543,15.1474332916,0.167029321807,-1.42649265193e-05,0.0,0.496899658519,0.779184662933,900.667089416,899.948234382,150,252.0
5.0399999999999805,0.00940356960571,-17.6539807858,90.0560348578,5.52990366363,6.28288015288,0.0,0.00619358840632,-11.255292224,14.0625925972,-0.505271826738,-6.25236505587e-05,0.0,0.0275856923624,-0.139223921294,899.845164033,899.720086239,151,252.0
5.0399999999999805,-0.00563274030254,-36.8606354834,76.0397185275,4.22445013502,0.000208152853647,0.0,-0.00359079114449,-22.3775433179,-1.87648900423,-0.679213018922,4.63096495963e-05,0.0,0.011257154192,0.489565204213,900.298823273,899.511824766,152,252.0
5.0399999999999805,-5.7885846347,-8.689878855,62.3883046617,6.0261942374,1.97786932212,0.0,-2.68581356356,-3.63461888101,-6.2952090587,0.0344444874032,28.8458881836,0.0,-0.145691717646,900.331946311,899.979500217,899.779961426,153,252.0
1.8600000000000012,2.7299290019,-0.00600494580603,0.0,6.23194683378,2.41549695727,0.0,0.921455172328,-0.0331060615626,-19.4828945072,-0.124574885842,28.8324411946,0.0,-0.124815001353,899.949085282,899.925953156,899.732938115,154,93.0
2.2800000000000016,4.8893419117,-0.0492893163589,0.0,0.27581579875,5.15239365229,0.0,2.43795331734,-0.392987119643,-20.888166345,0.180522508936,28.8326830127,0.0,-0.0569239046725,899.977514219,900.264269069,900.099722402,155,114.0
1.8600000000000012,0.989354931193,-0.0447932901572,0.0,6.05416861303,3.40624795368,0.0,-0.462143498215,-0.125024675164,-20.0170927083,-0.159893676212,28.8275226932,0.0,-0.286681376061,899.743961683,900.20192981,900.559153476,156,93.0
2.0400000000000014,-3.16361289805,-0.00514880170685,0.0,6.16657805683,5.36920763416,0.0,-0.991546102966,0.0383660912406,-20.5412006146,-0.238338036268,28.8430974227,0.0,0.660708669013,900.439282397,900.159413162,899.786943204,157,102.0
1.9200000000000013,2.48152623693,-0.0398446683253,0.0,0.218905691585,6.0777742856,0.0,2.32691680507,-0.149437783934,-19.9162073845,-0.00305318636982,28.824009379,0.0,-0.0558863121579,899.768198845,900.312797158,899.980074937,158,96.0
2.1000000000000014,5.36077106969,-0.00813981638194,0.0,0.110949663184,5.114501806,0.0,2.84836814996,-0.113043075953,-20.8414814659,-0.0758270173011,28.8317086153,0.0,0.702929502521,900.130908595,900.303825338,899.67905919,159,105.0
2.1600000000000015,-3.03834021453,-0.0715323743441,0.0,0.259852608899,2.70026700141,0.0,-2.32255824612,-0.106403513003,-19.4717784045,0.127130704771,28.8510664725,0.0,-0.414719454511,900.463683898,900.01389175,899.940158158,160,108.0
2.1000000000000014,5.64627629955,-0.012324480584,0.0,6.03514966852,5.37953087931,0.0,3.26592310093,0.0357595002138,-20.5782704885,-0.366518974858,28.8474829868,0.0,0.554243672387,900.382722682,899.561120848,899.771844808,161,105.0
1.9200000000000013,3.13707120276,-0.0224643031157,0.0,0.233633955632,4.9527681939,0.0,1.7653718479,-0.310155114463,-20.9649476318,0.132186863163,28.845309091,0.0,-0.923272198125,900.316999546,899.65246374,899.861982,162,96.0
2.2800000000000016,2.62411205687,-0.00304465220352,0.0,0.142887525206,5.32807311228,0.0,1.6411465926,-0.122510741904,-20.5268121851,0.126160011818,28.8145046122,0.0,0.014636895224,899.307238528,900.280423773,900.245130897,163,114.0
2.2800000000000016,3.7008874404,0.00264693308066,0.0,0.107014475394,4.43027297096,0.0,1.02183181389,-0.104039834514,-20.5906973325,0.0333911590278,28.8404604815,0.0,-0.0123646522824,900.227440539,900.048612512,899.977999,164,114.0
1.9800000000000013,4.46037128413,-0.0766011065701,0.0,0.397758911981,1.78453338479,0.0,2.35883583304,0.0502662268808,-18.6797638278,0.311510385819,28.8574524724,0.0,0.323148145477,900.828296331,899.443621271,899.724378067,165,99.0
2.1600000000000015,4.67330427757,-0.0382539725726,0.0,6.0587791286,0.898371986718,0.0,3.1072768874,-0.292552815017,-19.5187911474,-0.216864591113,28.8289549673,0.0,-0.36882795015,899.83585413,899.630874376,899.766464254,166,108.0
1.8600000000000012,-0.563702909412,0.00190533993162,0.0,0.063561864356,2.16172546815,0.0,-0.700825426547,0.0419183074582,-19.2559740702,0.0396857557492,28.8295392011,0.0,0.897072874708,899.84080529,899.934701033,899.673577453,167,93.0
2.1600000000000015,5.30493939633,-0.0128881711115,0.0,6.012697515,0.507080277792,0.0,3.52609278534,-0.242821961974,-19.4857618478,-0.48030363682,28.8175358421,0.0,0.344044365475,899.493459897,900.47284574,900.156322583,168,108.0
1.8600000000000012,0.00866545179587,-0.0285026904958,0.0,0.145969041311,2.05572806846,0.0,-0.237665029086,0.0460983520604,-19.421752331,0.0458565373951,28.8516376861,0.0,0.324255904994,900.440861973,900.67861248,900.69021043,169,93.0
1.9800000000000013,4.72038348428,-0.0497722998769,0.0,6.07537701085,1.37668287665,0.0,2.99893344115,-0.325711092388,-18.9146611857,-0.217106571486,28.8206864146,0.0,0.201962266538,899.599489867,899.582968934,899.482310267,170,99.0
1.8600000000000012,0.153945662969,-0.0466493101139,0.0,6.11166961274,2.67629118739,0.0,-0.708998283027,-0.159751482838,-19.6462085572,-0.232639038016,28.8388944922,0.0,-0.427551806577,900.059440249,900.383998399,900.203652697,171,93.0
1.9800000000000013,4.78019995426,-0.0335973495572,0.0,0.199862753637,1.01660113457,0.0,3.35204213197,0.0168347978037,-19.0298785068,-0.0230725531504,28.8347855971,0.0,0.21102457555,900.074624728,900.112884446,900.521175017,172,99.0
1.9200000000000013,-1.88745472321,-0.00977104541099,0.0,6.23522400579,3.36734751819,0.0,-1.97919031105,-0.0115726282159,-20.3760701689,-0.0371394167676,28.8191396574,0.0,-0.854475760707,899.579179647,900.12211756,900.515863657,173,96.0
2.1000000000000014,5.27181495857,-0.0520173675164,0.0,0.405135142139,4.867441178,0.0,2.48466438107,-0.634058036454,-20.7106506445,0.434863835723,28.8294156028,0.0,-0.147214372632,899.859457745,899.459460221,900.254065114,174,105.0
2.0400000000000014,5.36485604244,-0.0501981735219,0.0,0.242514319291,3.41582385524,0.0,1.65411110553,-0.238444231836,-19.8227317638,-0.0863085082761,28.8269794479,0.0,0.183844831846,899.870204664,899.659144786,899.747763941,175,102.0
2.0400000000000014,6.87015120848,-0.0135486239732,0.0,6.1955968879,1.59642054151,0.0,3.8727865545,-0.12367421503,-19.1950436133,-0.0233362382296,28.8455204051,0.0,-0.424175279015,900.210198209,899.508226011,899.580241721,176,102.0
1.8600000000000012,1.20975449118,-0.0544212355791,0.0,6.07736186756,2.03981752966,0.0,0.445996411139,-0.308675186534,-19.4691997771,-0.325733166221,28.8360567349,0.0,0.596882568712,900.12451673,900.402916837,899.383175073,177,93.0
1.9800000000000013,-3.29691255612,-0.00640795804332,0.0,6.24468234824,4.79152375898,0.0,-1.74278440254,0.0249796313083,-20.6695180141,-0.144008423987,28.8323562496,0.0,-0.698788890193,899.986986912,900.230176398,899.58872234,178,99.0
1.9200000000000013,3.50673105736,-0.0188337512324,0.0,6.18818676794,5.23773283014,0.0,2.32511294485,0.0157406169853,-20.5523193241,-0.0423503113332,28.8144194948,0.0,-0.53629248546,899.366661723,900.008634942,900.132161112,179,96.0
1.8600000000000012,-1.02317226331,-0.00482376067522,0.0,6.26783954043,1.36522667926,0.0,-0.00189655535405,-0.0166062682709,-19.0611845978,-0.0969213021814,28.8367503998,0.0,0.410041493199,900.109504576,899.747659134,900.08608521,180,93.0
2.1600000000000015,4.98760929391,-0.024516364049,0.0,6.10247898802,0.650643526473,0.0,3.34192509894,-0.185252048882,-19.2893005504,-0.2067149351,28.843254848,0.0,0.438543155853,900.470296567,900.053519245,900.310891293,181,108.0
1.8600000000000012,0.194789599045,-0.0121103386206,0.0,0.134791364527,1.69984598957,0.0,0.297591806243,0.0774286144169,-19.4077236016,0.0511086486597,28.8514024745,0.0,0.221928683059,900.53026385,899.81326885,899.17004511,182,93.0
2.0400000000000014,4.79429508774,-0.042645023984,0.0,6.03477940282,4.35507357371,0.0,1.71053987833,0.0307412504687,-20.5232589274,-0.2563471024,28.8200043355,0.0,-0.270888279769,899.604558923,899.523037892,899.821420457,183,102.0
1.9800000000000013,4.42444227583,-0.00290949966046,0.0,0.122807691,1.00361322551,0.0,3.1672249299,0.0689792924327,-19.4403041488,0.180669410519,28.8396974547,0.0,-0.237339664167,900.178788414,899.935560839,900.164518764,184,99.0
1.8600000000000012,-0.593173921968,-0.0129403774485,0.0,6.14561718504,2.09689336607,0.0,-0.644916853426,-0.153687182853,-19.1606150026,-0.165550746676,28.8375325082,0.0,0.0191405444744,899.979402122,900.014290964,899.941723696,185,93.0
2.0400000000000014,5.55312087424,0.012874415643,0.0,6.28287112591,2.61202986074,0.0,2.02757088247,0.0129659185774,-19.6493673694,-0.0867840280048,28.8400876525,0.0,0.133945546085,900.195066259,900.129717178,900.154452235,186,102.0
2.2200000000000015,4.9345871838,-0.0129681758229,0.0,6.13012664284,2.67547348856,0.0,1.39576162805,-0.0885334130948,-19.7278713552,-0.27789474002,28.8323881447,0.0,-0.01073960886,899.945063274,899.656907242,899.765969631,187,111.0
1.8600000000000012,1.85745686205,-0.0492053291827,0.0,0.261365002161,1.24891294699,0.0,1.73236921964,0.0510893190046,-19.5038963066,0.204490551106,28.8274771164,0.0,-0.0347183673483,899.779977726,900.03650184,900.321434634,188,93.0
2.1600000000000015,6.14236056041,1.2083301208,0.0,0.0658270695702,0.309271195255,0.0,3.80277519552,4.05672282833,-20.0837785801,-5.92760622398,28.8162484341,0.0,-0.840687159353,899.286330316,900.895538903,865.221406137,189,108.0
2.2800000000000016,3.51370720511,-7.67522859852,0.0,4.02280911653,3.30591333196,0.0,1.24762855558,-3.45121501473,-19.2147713366,-3.35800827234,28.8312142759,0.0,0.274367104877,899.839779824,39.8469454395,0.891022018626,190,114.0
1.9800000000000013,0.537918799455,2.46518231583e-06,0.0,0.000341391438227,5.51645458122,0.0,0.598527547303,5.6297187007e-05,-19.8186558322,-0.0115597762687,28.8203178407,0.0,-0.400533378611,899.569193304,26.9018804723,1.10743124554,191,99.0
1.9800000000000013,-0.013946093094,2.56723198668e-06,0.0,6.28296884224,5.60185280736,0.0,0.31676387929,-5.15396534124e-05,-19.6932069488,-0.00988536193462,28.852010718,0.0,-0.300004168797,900.680454116,25.7399019834,12.5254954961,192,99.0
1.9800000000000013,0.958105141673,0.00129731317141,0.0,1.60938960074,0.0813260147948,0.0,0.940631368353,-0.094786728473,-20.0368474801,1.14671776572,28.8201851747,0.0,0.38514871116,899.482345563,134.852971179,297.773407272,193,99.0
1.9800000000000013,-0.382904006694,0.224483333115,0.0,2.23146518725,5.61843915419,0.0,-0.0171985416138,0.878756038281,-21.2719381083,3.56665141055,28.832833868,0.0,0.947906642051,899.898918869,19.0658585,327.069556649,194,99.0
1.9800000000000013,-0.244799735214,2.20910924957,0.0,2.90292909098,0.561223274406,0.0,0.0446805082892,2.4984791939,-20.9314726686,6.40676035043,28.8337330719,0.0,-0.297937022994,899.895269837,17.8092212962,333.694042728,195,99.0
1.9800000000000013,1.42947922229,-1.64950810689,0.0,1.52930979596,0.181213660465,0.0,1.19644469583,-1.48320413984,-20.227112423,4.80483436003,28.827222781,0.0,-0.148388247047,899.65868406,3.54132740451,222.484494869,196,99.0
1.9800000000000013,0.456624188108,2.35134640734e-05,0.0,0.00575616338439,5.61486066888,0.0,0.559079700872,0.00176614148028,-19.7216034886,0.0031303497323,28.8457337364,0.0,-0.554770008363,900.454845592,0.933779511366,2.29173650878,197,99.0
2.0400000000000014,1.79874547351,-9.77369958372e-07,0.0,6.28315628705,2.9928227237,0.0,0.743957286914,6.18751607781e-06,-20.2774158392,-1.27290771035e-06,28.8240791703,0.0,-0.339204841399,899.657743252,0.0484668812263,0.736625858012,198,102.0
2.1000000000000014,1.55677726512,5.05509260602e-06,0.0,5.78753549796e-06,3.21433749327,0.0,2.13127925707,1.5757368971e-05,-17.027840914,-1.79352626878e-06,15.8564173942,0.0,719.880738824,899.424070943,-0.528940920725,-0.145348423617,199,105.0
5.0399999999999805,5.2212430614,-0.0021536506167,92.5742626157,6.2830643245,6.19114060957,0.0,3.25221581546,-0.00194959317328,17.0039656788,-2.94411598845e-05,0.0323587637172,0.0,900.181072438,899.53364228,-0.075567248229,-0.120065937114,200,252.0
