time,x,y,z,phi,theta,psi,x_velocity,y_velocity,z_velocity,phi_velocity,theta_velocity,psi_velocity,rotor_speed1,rotor_speed2,rotor_speed3,rotor_speed4,episode,total_reward
0.7200000000000003,-0.813375246765,0.189474396712,0.0,2.29000428251,0.187558141671,0.0,-1.57327586611,-0.646269197282,-6.76000831624,6.00892277139,-0.977349114816,0.0,467.860144529,437.390341453,410.396568535,339.631400587,1,36.0
0.6600000000000003,0.158146842354,-0.13490524965,0.0,3.61777801237,0.686124565172,0.0,0.985207136175,-0.0508920462711,-6.88023948303,5.03202777955,-4.17815299712,0.0,489.716569052,518.758022808,465.694778126,330.610391117,2,33.0
0.7200000000000003,-0.661945207369,0.335862581809,0.0,6.13980243429,3.51520493385,0.0,-1.5188525729,0.698256329376,-7.18638349921,3.4718646151,-2.95729109306,0.0,526.786194433,531.268288337,407.984642628,287.494394212,3,36.0
0.7200000000000003,-0.176957837077,-0.258844359993,0.0,5.81313161756,1.42873837883,0.0,-0.245702762484,-0.465399059981,-7.02050199613,6.11831294487,-2.98521772201,0.0,479.502247895,435.39893983,315.383298241,433.245745985,4,36.0
0.7200000000000003,-0.221702435939,-0.181367276226,0.0,5.13266945215,5.81661046589,0.0,0.711661720737,-0.385670472163,-6.38933414762,7.67695382568,-4.74035937519,0.0,527.913716241,483.004174586,333.120957543,307.992034992,5,36.0
0.6600000000000003,-0.366375380803,0.0380880173257,0.0,1.35401009104,3.34394636743,0.0,-1.59751690427,0.243233424851,-6.767620738,6.18135508914,-2.89768779545,0.0,433.00560131,456.31734692,395.63008182,340.517922744,6,33.0
0.7200000000000003,-0.207087847269,0.00248972255951,0.0,1.68237826828,6.06903072248,0.0,0.0992171550364,0.511460779381,-6.74201550927,1.69396502153,-3.26105622994,0.0,384.494125483,354.557011586,410.263555327,266.337405298,7,36.0
0.7200000000000003,-0.666760985146,-0.212885721551,0.0,3.84658497271,5.67872377886,0.0,-0.639503063998,-0.521637595342,-6.17849125699,1.48478674265,-2.54444844623,0.0,309.4706054,304.234075948,337.521492694,259.867771115,8,36.0
0.6600000000000003,-0.273531206156,0.0894014218815,0.0,3.56518227688,4.96654016864,0.0,0.682037196895,0.131778748585,-7.07681592487,-5.38435864744,-1.51193857,0.0,247.764037897,274.147446171,431.548035452,295.127280409,9,33.0
0.6600000000000003,-0.245732415439,-0.0358721137211,0.0,5.27888490948,5.77547768052,0.0,0.434176447137,-0.352822785285,-7.22446636722,-9.22465242385,-1.41523176677,0.0,168.44562261,199.587897692,432.196620062,240.66407705,10,33.0
0.7200000000000003,0.137481448375,-0.103634944183,0.0,0.0129548536045,6.00367092707,0.0,1.13255032726,-0.263526367665,-6.25597701233,-11.480206378,-1.86660377477,0.0,166.349311103,207.977868725,420.335671544,178.216278566,11,36.0
0.7200000000000003,-0.0283024392294,0.220008673119,0.0,0.0983006570564,6.16543704519,0.0,0.295739591635,0.722406667243,-6.36827786832,-14.5343082253,-2.19740606976,0.0,192.355529998,197.815751146,474.376348446,149.663101552,12,36.0
0.7200000000000003,0.287012110533,-0.0710763512164,0.0,3.32719824951,4.46315227042,0.0,1.4213082835,-0.0881355583874,-6.72799994448,-12.7155678976,-3.43347352083,0.0,299.418076467,246.827530612,483.409019968,195.179674177,13,36.0
0.6600000000000003,0.202176625864,0.0701697567257,0.0,1.158894545,5.81828037505,0.0,0.951894793083,0.73251444309,-6.73274373392,-11.7241333966,-3.83830720609,0.0,280.823455706,224.485894214,415.478704492,171.405175963,14,33.0
0.7200000000000003,0.0140827727034,-0.01446375709,0.0,1.22993768644,3.65231561876,0.0,0.303164600722,0.0822464527601,-6.95212413294,-10.445070914,-4.1357272193,0.0,330.998994705,294.818446485,363.849582722,194.131892888,15,36.0
0.7200000000000003,0.224812767332,0.097584061205,0.0,2.5108692169,2.85355590172,0.0,0.404393434171,0.26321576711,-7.11109610234,-10.301498603,-4.12186764863,0.0,263.069492843,235.0501999,246.754955356,112.337709691,16,36.0
0.6600000000000003,0.101445282225,-0.0209644309912,0.0,0.356663496456,6.25103597901,0.0,0.00954188267036,-0.00348077830102,-6.44068638178,-9.96459814539,-2.83383993168,0.0,288.806104667,276.097926454,320.568261688,124.720218033,17,33.0
0.7200000000000003,-0.715464341245,0.142201734457,0.0,2.56365344808,3.18691602655,0.0,-1.60364752351,0.417545493593,-7.23201545465,-8.01124003005,-0.898588227386,0.0,242.634839466,278.577763318,208.067824545,133.292212418,18,36.0
0.7200000000000003,0.402341873127,-0.00576383256063,0.0,1.897355977,2.30403908124,0.0,0.999469380735,0.157419012719,-6.95974213554,-7.32093286391,-0.38573283289,0.0,340.458756806,293.400867161,290.253665051,170.746302963,19,36.0
0.7200000000000003,-0.566767703865,-0.0932648894609,0.0,0.755342049879,3.48717256705,0.0,-1.40092411014,-0.128782100441,-6.792479955,-8.13836364419,-0.456991066292,0.0,390.129509124,332.697573401,345.133476058,184.071059026,20,36.0
0.6600000000000003,-0.407521766093,-0.0248936862534,0.0,6.0576535535,1.65928844161,0.0,-1.6439689524,-0.0144909098631,-6.59513599684,-7.04027299162,-0.580414650944,0.0,262.760510692,254.062460975,212.427481552,154.01983066,21,33.0
0.7200000000000003,-0.383109811141,-0.0811892162215,0.0,0.34207833522,3.32458224275,0.0,-0.99843439561,-0.751380770987,-7.30153961146,-6.95424907506,1.59274793349,0.0,322.362559052,332.830332391,256.262264801,144.77113608,22,36.0
0.7200000000000003,-0.5733768736,0.151360382528,0.0,0.281887995021,3.15439047051,0.0,-1.60935651535,0.326058748094,-7.14477961501,-6.32854650081,1.6137644835,0.0,262.466970397,303.528186758,230.227592983,84.3666716946,23,36.0
0.7200000000000003,-0.193560071756,-0.0161145934128,0.0,2.16342098656,1.57112499499,0.0,-0.641946262781,0.0202948494153,-6.71742039114,-5.43184816443,2.95094969991,0.0,255.70968025,256.091596901,248.02810448,163.123961583,24,36.0
0.6600000000000003,-0.20068875883,-0.0431967868146,0.0,1.71891741153,1.86446404081,0.0,-0.462095541201,-0.149441879301,-6.45188691202,-6.24377213871,4.57359932444,0.0,162.260270709,250.900999928,311.620760859,114.836036997,25,33.0
0.7200000000000003,-0.0743772380175,-0.0178417789241,0.0,1.68609693672,3.73369356404,0.0,0.0242033608071,0.167148962764,-6.84630411647,-3.58132528327,5.26815852953,0.0,265.768511648,377.55641691,140.474820837,111.912786647,26,36.0
0.7200000000000003,-0.123134797506,0.0389359317578,0.0,2.43320712579,2.08741379628,0.0,-0.451140865752,0.051865009414,-6.8521782538,-5.11984227486,6.18815503806,0.0,216.362218631,307.151883889,243.723449796,137.634928666,27,36.0
0.7200000000000003,-0.197577323139,-0.129465431415,0.0,1.26711837823,2.83430968947,0.0,-0.609358529521,-0.434114814956,-6.97655161472,-1.72581518844,5.42491820533,0.0,272.264980999,326.468760898,203.127916244,196.693348728,28,36.0
0.6600000000000003,-0.0718934847652,-0.0342896237299,0.0,3.31918488215,4.43880212929,0.0,-0.022524405803,-0.20885223352,-6.67939542933,2.63599502464,4.60032610436,0.0,210.225345176,305.297200986,211.443988865,177.980694625,29,33.0
0.6600000000000003,-0.0575215854939,0.0268533163053,0.0,3.57335025049,4.12813023038,0.0,-0.418273789158,0.0590691570502,-6.52900793095,3.77033388689,4.3969371176,0.0,205.472850074,305.000886615,196.120673503,247.047484962,30,33.0
0.7200000000000003,0.0594711269165,-0.0177010396179,0.0,0.850442755496,6.2798381803,0.0,0.287954680877,0.0274103838813,-6.8961482327,5.80985814021,2.94976682675,0.0,431.901780126,242.25209185,113.277112988,200.971870256,31,36.0
0.6600000000000003,-0.00229940724855,-0.0625668823415,0.0,6.12166159966,2.72276308375,0.0,-0.185197631775,-0.101231719475,-6.59968335163,8.03952731356,4.29674183926,0.0,169.529794677,223.136164423,175.296871628,360.696165276,32,33.0
0.7200000000000003,-0.0676302853126,-0.0401474039254,0.0,1.39955562991,3.51871344134,0.0,-0.000763472024403,0.141752610195,-6.92492549774,12.5140635559,3.78599599821,0.0,108.43059525,97.3214651709,118.134737951,629.603206611,33,36.0
0.6600000000000003,-0.235526588506,-0.00909941354968,0.0,1.26112144001,2.11720184789,0.0,-1.26514918637,0.0698694849132,-6.51889653892,5.96992116531,2.12783160851,0.0,248.08899803,231.612296142,194.295223331,354.170964091,34,33.0
0.7200000000000003,0.301622951088,-0.0519816414254,0.0,4.48774645883,4.72733466221,0.0,1.47181981175,-0.11804823937,-6.82843561617,10.4779779932,2.09320089345,0.0,234.707616572,182.124278088,138.440575277,388.474200579,35,36.0
0.7200000000000003,-0.56521499195,-0.0552368426927,0.0,3.28602230803,0.978443649252,0.0,-1.72424362356,-0.298219509778,-6.6094790231,11.6177592359,-0.80530702241,0.0,139.869947988,158.175155282,177.568500469,543.492191234,36,36.0
0.7200000000000003,-0.655760315737,0.230004617383,0.0,3.81025819086,1.87677460993,0.0,-2.84430173585,0.454395793871,-6.86088374453,20.103455902,0.426385043752,0.0,134.753642532,97.7043985032,111.841777307,711.319178033,37,36.0
0.6600000000000003,-0.414904123853,-0.0431776097769,0.0,3.75322406812,1.03472996587,0.0,-1.95987003842,-0.00178137134447,-6.95306357194,21.8265608862,-0.125500094101,0.0,78.4274189298,43.3583388088,81.6557136698,807.920883057,38,33.0
0.6600000000000003,-0.315436363897,0.291536078811,0.0,4.21844927065,1.37214205515,0.0,-1.67720376337,0.759446819842,-6.6221820924,18.4677705004,-0.180728486989,0.0,103.754329894,51.8902228018,111.303917874,694.157708396,39,33.0
0.7200000000000003,-0.284997349739,-0.119456697585,0.0,2.30874556115,0.499660041833,0.0,-1.14789871327,-0.276462402715,-6.62431751593,21.1702506852,-1.53586329018,0.0,85.7112851675,28.1286365962,75.7270556269,800.384968167,40,36.0
0.7200000000000003,-0.766026646223,-0.330067203426,0.0,6.2189246589,3.97271582886,0.0,-2.61982312526,-0.722716021536,-7.03165139004,16.5965965636,-3.37489581955,0.0,429.884319532,96.0198983752,102.753127094,470.861079087,41,36.0
0.6600000000000003,-0.409416507141,0.283951127533,0.0,0.628051824262,1.24089314414,0.0,-1.82857805043,0.578182883207,-6.45815447815,16.8978387433,-3.65274727277,0.0,203.30448955,115.430669524,90.4151873358,574.668652665,42,33.0
0.6600000000000003,-0.732470048492,-0.0994125074154,0.0,2.27703224842,3.650549131,0.0,-2.6404644246,0.023738431178,-6.78217842077,17.1089617109,-6.57424286783,0.0,620.046755014,94.6671537084,52.4421718175,269.928640094,43,33.0
0.7200000000000003,-0.46998083464,-0.174440440577,0.0,1.1123136392,5.14878393708,0.0,-1.20919092279,-0.270216118096,-6.29252169521,14.0465403922,-3.22865336589,0.0,198.425335258,172.967730022,63.9130312638,260.385101637,44,36.0
0.6600000000000003,-0.568341487864,-0.241526753888,0.0,2.34641512064,1.54106166,0.0,-2.12173940707,-0.583945406605,-6.88534717965,18.8969006981,-2.0386522291,0.0,155.019922182,117.275668986,72.4298054692,425.384605812,45,33.0
0.7200000000000003,-0.200239615627,-0.118349966203,0.0,1.66044437559,3.20710789795,0.0,-0.619545615487,-0.0906083538638,-6.77384503049,17.397662926,-3.88721544143,0.0,287.100851136,157.01002483,98.9319088178,459.464985061,46,36.0
0.6600000000000003,-0.222172326042,0.102578006745,0.0,4.11016491007,3.30194881379,0.0,-0.719802194422,0.0477922299501,-6.6448984106,16.1199958567,-7.04613136065,0.0,179.175907492,64.1771497968,81.0274902424,598.616485376,47,33.0
0.6600000000000003,-0.38142808022,0.0860202996918,0.0,4.21774194407,6.23616833496,0.0,-0.866577709693,-0.0470300925586,-6.83665674595,15.6597031699,-5.30623272122,0.0,494.144826772,58.9243998694,39.3025382402,562.991752208,48,33.0
0.6600000000000003,-0.374117963104,0.16749437396,0.0,6.19000627123,4.58172303448,0.0,-1.04573433816,0.566927711463,-6.46730673763,17.4213792405,-3.88549911229,0.0,281.919847886,63.0952760919,78.9919341466,588.298679152,49,33.0
0.7200000000000003,-0.403902511931,0.246578706741,0.0,4.62736507717,4.69370955742,0.0,-0.708783303667,0.355912779964,-7.14591025789,15.9484439429,-13.8089544728,0.0,742.242004676,50.8985570427,32.1160766034,405.287557852,50,36.0
0.7200000000000003,-0.644653079362,-0.266553270734,0.0,5.30272890694,1.90594182662,0.0,-1.91955779344,-0.501828140103,-6.72620254807,17.0390071931,-3.41094027223,0.0,312.159756399,82.8596983002,62.1842290101,542.279142758,51,36.0
0.7200000000000003,-0.539096441009,-0.480472700339,0.0,0.106954031512,2.1833553249,0.0,-1.0406416512,-0.673546524744,-6.90191357124,16.4272587718,-9.73791741283,0.0,517.22698725,57.270940685,46.1458885915,553.805214919,52,36.0
0.6600000000000003,-0.578552689469,-0.0120296647038,0.0,1.89978968737,4.39900584613,0.0,-1.61515033978,-0.00475183929726,-6.74013375023,13.6162641415,-6.20944203919,0.0,331.969651343,77.5346788969,82.2680978338,473.946877957,53,33.0
0.7200000000000003,-0.431130118332,-0.155177181592,0.0,6.02815698122,0.569141642652,0.0,-1.45025385528,-0.43418337455,-6.48720797672,15.6589616185,-9.25891331402,0.0,291.619654328,99.3937329733,48.4180963587,298.691541253,54,36.0
0.6600000000000003,-0.388487748724,-0.0334409095627,0.0,0.701934908011,3.7385499482,0.0,-0.525808440544,-0.216803336593,-6.65574656958,10.7095520236,-8.80911356216,0.0,472.563793292,123.158356801,50.4565474849,402.900295287,55,33.0
0.7200000000000003,-0.505035361335,-0.0756372682981,0.0,5.66685645137,3.0967054882,0.0,-1.16738286841,-0.0153799948717,-6.82535306791,12.9443181185,-8.56061483887,0.0,225.239110695,55.0918068887,60.4241426479,528.113926592,56,36.0
0.6600000000000003,-0.168947889543,-0.125205313269,0.0,0.38094681843,0.331941784194,0.0,-0.524133261179,-0.398911748324,-6.48401826862,16.345161704,-12.5754860916,0.0,469.149416545,111.65069777,91.1406292427,360.784995838,57,33.0
0.7200000000000003,0.181047720597,-0.026025683392,0.0,1.14547569792,0.014758021148,0.0,0.782352536005,-0.172067071486,-6.89892676528,12.0352849839,-12.9289845128,0.0,605.706830114,88.4815069341,31.7905679471,554.353603716,58,36.0
0.7200000000000003,0.177068044528,-0.16734349281,0.0,0.074030205479,1.09986197984,0.0,0.367817540662,-0.419678647574,-6.60123073176,11.0305149569,-11.9287410008,0.0,363.973106541,40.3227163934,49.2811808945,508.696124673,59,36.0
0.7200000000000003,-0.211022513659,-0.069356045871,0.0,2.85057242805,3.41745213096,0.0,-0.366397044364,-0.352877090142,-6.99799253375,10.1339276249,-12.0766311149,0.0,261.861591981,83.3556130307,54.4093714509,193.781754472,60,36.0
0.7200000000000003,-0.252907933404,-0.123192164561,0.0,4.97122814877,4.3352276784,0.0,-0.233790061102,-0.0407834820488,-6.15726333658,11.8959779729,-16.4857395717,0.0,773.667435537,55.2980106079,32.962347424,399.820537312,61,36.0
0.7200000000000003,-0.331952154294,0.0312629689072,0.0,1.19307517549,5.97502893539,0.0,-0.810291744039,-0.00213498762505,-7.18087188582,16.2991211926,-17.7567408817,0.0,821.573780227,80.8611059253,24.7319209605,378.80479775,62,36.0
0.7200000000000003,-0.115409469058,-0.0241668753859,0.0,4.61153523763,3.20529871367,0.0,-0.318828067294,-0.42182538363,-7.08711544408,5.28159190983,-12.983143349,0.0,267.560392324,98.167947742,55.268138749,101.732644575,63,36.0
0.7200000000000003,-0.195016242245,0.034502750328,0.0,5.35292264045,1.80294191256,0.0,-0.237443950686,0.18814512537,-7.09166196518,8.28340300517,-11.2141772999,0.0,636.473847406,71.2162542963,31.8352628218,146.285608576,64,36.0
0.7200000000000003,-0.0588931327603,0.007253557606,0.0,1.19971184949,1.1459321983,0.0,-0.0143005815293,0.136155521188,-6.9538128907,3.50906743847,-9.19685783942,0.0,463.051940665,114.292554811,60.8454401376,245.838710442,65,36.0
0.6600000000000003,-0.0352352173219,-0.0683825222606,0.0,0.00781521378647,3.39015296748,0.0,-0.0532177530938,-0.114726367859,-6.3275637007,3.1812547062,-12.56243148,0.0,591.265545248,63.3407028489,48.1071911679,421.525553462,66,33.0
0.6600000000000003,-0.0496647212065,0.0213964549308,0.0,5.33261320299,5.04537309366,0.0,0.0157043312283,-0.0945516840224,-6.8209952777,4.15198880906,-12.6307649051,0.0,392.931428289,78.4827037153,80.0415784342,127.425642636,67,33.0
0.6600000000000003,-0.0661924539522,-0.0131918091345,0.0,0.0801553400655,5.46330307275,0.0,-0.332502200461,-0.177317610386,-6.29284875795,2.8824250013,-13.6974482327,0.0,601.833113148,53.2430430143,41.2161089984,432.035213593,68,33.0
0.6600000000000003,-0.0482404708018,-0.0399426548426,0.0,2.55181342455,5.45476112002,0.0,-0.791282510078,-0.184248140296,-6.58079890547,4.23419098747,-17.7617211395,0.0,751.786586194,56.3950403047,44.9196841611,512.188735273,69,33.0
0.7200000000000003,0.164311401607,0.0622103403273,0.0,0.122568837101,0.488699221379,0.0,0.778037670235,0.159542269735,-6.95332806286,2.2997136618,-19.5154970082,0.0,753.335863847,64.8193367126,85.9942148691,344.278660934,70,36.0
0.7200000000000003,0.0345564346818,-0.0874865159223,0.0,5.72059296694,3.51554947368,0.0,-0.195882730685,-0.190006972915,-6.92717070643,1.82868898282,-14.9136891578,0.0,532.918039016,114.570418961,83.4322549117,228.853201656,71,36.0
0.7200000000000003,0.0246463673906,0.0877086095972,0.0,4.3224200171,2.94106133828,0.0,0.0987839721958,0.361224765296,-6.75207032485,-0.47916205278,-15.401362885,0.0,492.887870945,74.3321439632,63.3236916124,44.1319598159,72,36.0
0.6600000000000003,0.183411135298,0.0805619189666,0.0,4.18302280499,5.46771162203,0.0,0.249170853337,0.416499609167,-6.62904109777,0.478261537919,-14.6801797837,0.0,530.642140742,110.264904538,86.1921841964,181.3220046,73,33.0
0.6600000000000003,0.0892185878684,0.0211078435108,0.0,2.75609034084,3.70998695001,0.0,0.247292742964,-0.016435605867,-6.28030921671,-0.881271416965,-14.4988942393,0.0,513.427193697,75.485358478,81.9544247403,32.6742427041,74,33.0
0.6600000000000003,0.00743919269868,0.0399929763323,0.0,2.55133163375,5.76114068234,0.0,0.0444877619357,0.114183529093,-6.20610379954,-1.14501867958,-14.4129610895,0.0,532.57350036,81.4003059705,86.4044660503,40.9103712807,75,33.0
0.7200000000000003,-0.0510194761837,0.0361232750699,0.0,2.46285772862,5.70936931172,0.0,-0.176474894041,0.00253899405695,-6.69423016172,-1.3082924038,-16.0880503859,0.0,628.829595394,100.298897409,130.071576128,131.242384257,76,36.0
0.6600000000000003,-0.0714276644102,-0.0813239006116,0.0,3.87151767158,3.14275543092,0.0,-0.0241147821434,-0.120549642234,-6.31812766855,-1.2553215042,-14.2703481773,0.0,616.98208347,115.805646285,107.681780376,190.043316763,77,33.0
0.6600000000000003,0.020362669795,-0.038099916983,0.0,4.28263154419,3.47453276916,0.0,0.0583170703227,0.0602826412818,-6.76881283213,-1.32927972019,-12.6360407774,0.0,424.233418674,97.5944162868,85.2630055599,70.5054071808,78,33.0
0.6600000000000003,0.0218692132444,0.00452414643422,0.0,6.26110920092,1.27869367169,0.0,-0.214916133687,-0.0882137455986,-6.67656779825,-0.366376828891,-17.9979080835,0.0,791.81087734,36.9726949556,41.5643480415,263.506536218,79,33.0
0.6600000000000003,0.0918826327524,-0.00422714596976,0.0,3.58279789768,3.02278966602,0.0,0.228273951438,-0.0421876467889,-6.7160370676,-1.7352738293,-13.1814438179,0.0,492.756953362,114.229582305,114.874781809,112.572607492,80,33.0
0.7200000000000003,0.239721005067,0.0486784730804,0.0,5.70985358899,2.2430163878,0.0,0.235784053999,0.366098605282,-6.89380633923,-1.2060334186,-18.6362521239,0.0,707.848049145,87.1735417397,68.8313588855,202.325931199,81,36.0
0.7200000000000003,0.0885700292819,0.176866191815,0.0,2.78059262352,3.24513280157,0.0,0.496229549056,0.302744995916,-6.89333813908,-1.68862585246,-18.1088384761,0.0,617.935228431,131.034211221,109.45726482,134.902152701,82,36.0
0.7200000000000003,0.159268336514,-0.0788423198696,0.0,4.37732591382,4.35703131151,0.0,0.00325386070121,0.00358906379267,-7.24127271578,0.256307974138,-20.4371788657,0.0,801.245539939,69.0030642113,31.0804538247,378.180469053,83,36.0
0.7200000000000003,0.134794320959,-0.0627040003813,0.0,3.82276548984,5.27806991792,0.0,0.283420074547,-0.202112814105,-6.85549589152,-1.39170980563,-17.5240312295,0.0,643.97146566,117.639596008,106.324333296,105.895810135,84,36.0
0.7200000000000003,0.363665168304,0.0799138981821,0.0,2.35082902495,3.54905779301,0.0,0.151939996064,0.0690941550175,-6.73145219011,-1.5481938352,-20.0313898191,0.0,679.833285702,147.202217216,114.61490341,130.590771336,85,36.0
0.6600000000000003,0.0787453246865,0.183607492704,0.0,2.7977037799,2.53506873365,0.0,0.305754857135,0.377427516956,-6.65995592586,-1.63043730253,-19.3892583096,0.0,646.151757939,107.106560971,83.8197813142,20.8342985373,86,33.0
0.7200000000000003,0.0476743565615,0.292705381371,0.0,1.69382904774,0.945850444918,0.0,0.0608024457243,1.27204390062,-6.75038095284,-1.45650025599,-22.3587942227,0.0,731.405333379,119.902070599,90.4857987037,41.6889988533,87,36.0
0.6600000000000003,0.233339550976,0.282441804796,0.0,1.82863568557,4.36104871412,0.0,0.332522461324,1.10951437206,-6.43247951503,-1.55401649113,-22.9289686959,0.0,774.58137026,107.979747473,103.247238584,24.8140820442,88,33.0
0.7200000000000003,0.0380377843966,-0.257258459734,0.0,1.40638647641,3.8788394614,0.0,0.125864390073,-1.16450359298,-6.39872319268,-1.4457396094,-22.5363496664,0.0,746.504618869,153.384947703,81.0053008463,61.3853802069,89,36.0
0.6600000000000003,0.455375520915,-0.14914498811,0.0,1.11813397265,2.00832687825,0.0,1.34773405015,-1.20219318897,-7.02365872872,-1.17174918455,-23.4317707823,0.0,755.019959758,166.785783382,88.8014578441,70.9490508832,90,33.0
0.7200000000000003,-0.103119995894,0.144818255477,0.0,0.697813086119,0.986091677808,0.0,0.490357461023,0.154762697293,-6.40444090715,-1.08149218499,-24.7669247641,0.0,820.783069544,170.162521895,64.5380164138,55.4364199101,91,36.0
0.7200000000000003,0.108046291761,-0.0135786153226,0.0,0.706736364924,2.85112769922,0.0,-0.267741962325,-0.0184671496274,-6.82742261467,-0.622166464052,-25.0617434102,0.0,832.864865835,207.879402085,60.7933237559,109.937590231,92,36.0
0.7200000000000003,-0.417030467241,-0.00886022454418,0.0,0.605465070887,1.9373483829,0.0,-1.6966917997,-0.336370967999,-7.03470656144,-1.15287190954,-25.3297860306,0.0,814.591524927,154.185819339,92.6773639799,25.8063203407,93,36.0
0.7800000000000004,0.101503316594,0.216772833848,0.0,0.600608319672,4.98211517962,0.0,0.648024595352,0.954877833749,-5.11629649654,-0.495121983388,-25.8662027255,0.0,862.895765372,282.063214568,37.1680560456,105.168449684,94,39.0
0.7800000000000004,-0.83145578684,0.055898849002,0.0,0.336423415441,0.261469429596,0.0,-1.31229433162,-0.0162181966791,-6.8700976235,-0.982907342356,-25.2567227935,0.0,843.255314701,249.261094882,64.7644423011,56.8895957395,95,39.0
0.6600000000000003,0.242983596194,-0.0398233773743,0.0,0.276645153647,1.03344340895,0.0,0.559036230398,-0.348992471185,-7.50846176478,-0.671029250432,-25.6977299801,0.0,835.59141923,257.390365198,70.3212858643,83.4604609789,96,33.0
0.6600000000000003,-0.484498964445,0.0243515328643,0.0,0.42141960193,2.10940229508,0.0,-2.55424474781,0.218523570793,-5.96547399263,-0.648175947175,-24.2225656911,0.0,819.816047205,273.136660531,59.1852129309,109.10706299,97,33.0
0.7200000000000003,0.186236613095,-0.102002419119,0.0,0.415946316013,1.61757439295,0.0,0.673056755002,-0.775487153115,-7.92020278764,-0.860066961069,-25.3282503237,0.0,838.687781433,302.84926469,66.6129185961,67.8714164009,98,36.0
0.6600000000000003,0.400095672192,-0.0175350253455,0.0,0.19237239871,1.86417263795,0.0,1.23737990009,-0.24565351844,-7.34917494582,-0.649549146754,-25.7668629902,0.0,862.506704143,312.79271231,55.7625431285,53.1260315424,99,33.0
0.6000000000000002,-0.0319835039573,-0.115290525127,0.0,0.252313043913,2.11367344119,0.0,-0.472831938153,-0.681341293309,-8.56998107114,-0.654378588399,-24.906423149,0.0,852.609137681,343.643268542,58.1156622953,73.4634725617,100,30.0
0.6600000000000003,-0.276945191924,-0.154318161116,0.0,0.543902523028,1.53906743083,0.0,-1.63928528144,-0.747761591077,-7.65768360845,-0.811660653326,-24.4776242781,0.0,836.672245194,351.515182473,65.9437106622,98.7111902444,101,33.0
0.7200000000000003,-0.239885370906,-0.0077589394544,0.0,0.375606870297,1.38542788901,0.0,-0.769374873156,0.0708204876617,-6.75170354725,-0.880486255246,-25.8972663202,0.0,867.029518815,239.964678559,97.9637768375,37.4620188639,102,36.0
0.7200000000000003,0.0646219431947,-0.0768681043013,0.0,0.249858795742,1.03956745812,0.0,-0.984408711976,-0.542599991982,-7.9631161689,-0.741887242937,-24.5135236125,0.0,835.01371363,356.693311647,76.1778388653,92.4770247198,103,36.0
0.7200000000000003,-0.68206525333,0.106791799744,0.0,0.98491321067,5.81158558715,0.0,-1.47373695601,0.366129014532,-6.17767937054,-1.32951503249,-25.4552654743,0.0,857.952960893,264.300547449,116.75402456,16.0193374215,104,36.0
0.8400000000000004,0.310721814239,0.210935581737,0.0,0.718808850358,3.56068719339,0.0,0.631089245231,0.753900282859,-5.53244697106,-0.324682117336,-24.4604754691,0.0,878.169690587,433.434782199,42.873560345,39.7398992158,105,42.0
0.6600000000000003,1.25205727616e-05,-0.107699371787,0.0,0.495219724545,0.500462697378,0.0,-1.33547146202,-0.642385745438,-7.37399451313,-0.674267680292,-23.7983096715,0.0,844.838437943,401.527732686,74.2536803467,68.8551757005,106,33.0
0.7200000000000003,0.0469471272607,-0.00823496401797,0.0,0.17628666736,2.80338105901,0.0,0.969674146997,-0.0922152080628,-7.08514060616,-0.717067342001,-24.1180855269,0.0,876.708973913,454.935063131,49.2914172473,38.2344729132,107,36.0
0.6600000000000003,0.283355189986,-0.199605159427,0.0,0.670695082885,2.39960685044,0.0,0.929039059826,-1.25073693952,-7.64938095449,-1.02410624285,-23.4585487831,0.0,862.965393568,453.305445155,63.3630919773,42.7451639784,108,33.0
0.6600000000000003,-0.134183633085,-0.378762804811,0.0,0.739088312539,1.83893650116,0.0,-0.982076101924,-2.09721667763,-8.31608451917,-1.08153656758,-22.9977790001,0.0,826.901698484,432.600823977,79.4619169999,75.9927745244,109,33.0
0.7800000000000004,-0.801910980176,0.384272848204,0.0,1.90170103634,4.87589869721,0.0,-1.11681979668,1.944844523,-6.42001940917,-1.53419885351,-23.7318341945,0.0,872.936559116,467.036258794,43.818769506,79.5113260845,110,39.0
0.6600000000000003,0.638212756183,0.0265364074875,0.0,1.11385206375,1.45220585585,0.0,1.03450052884,-0.782170322926,-6.72904460845,-1.24110858644,-22.8133068942,0.0,833.910916433,452.00896709,88.3113633897,77.8813646228,111,33.0
0.6000000000000002,0.00388394193488,-0.224454779929,0.0,1.16995848362,2.17841502015,0.0,-0.375938298181,-1.64850518128,-7.08051140616,-1.21927831654,-22.25816409,0.0,844.266595718,468.433256063,87.9516002401,39.5801014511,112,30.0
0.7200000000000003,0.0121200313737,-0.473277727977,0.0,1.79252531073,1.22654363285,0.0,-1.36697528137,-2.85777201288,-5.93856718062,-1.74100969784,-21.4783662966,0.0,810.092514704,465.933731473,99.9893083301,45.3883579828,113,36.0
0.6600000000000003,-0.298192711728,-0.150843093838,0.0,2.18016820386,4.55279684807,0.0,1.18603696334,0.176629311274,-7.27402074467,-1.70115051219,-21.8306887737,0.0,864.446261245,538.058528268,81.652320933,11.7642993495,114,33.0
0.8400000000000004,-0.232998826196,1.31860079943,0.0,3.79696630817,5.72682026585,0.0,-0.221968877272,3.61806539515,-5.23504730109,-2.23741759072,-22.0209054486,0.0,851.894970374,469.573929361,76.0976794716,46.7826487897,115,42.0
0.7200000000000003,-0.516401568262,-0.349651259435,0.0,3.07458484782,5.70769341309,0.0,-2.73458603906,-0.751027835342,-7.24630949589,-2.06103271949,-20.6976565059,0.0,808.372691004,473.284975411,100.963982993,33.4971743678,116,36.0
0.6600000000000003,0.598677523624,0.121529565575,0.0,4.81814966879,4.67224731396,0.0,1.3094262529,1.33440606085,-7.1039214968,-2.13097981008,-22.0157582651,0.0,834.194947527,345.619015559,67.6749829264,70.1058965755,117,33.0
0.7200000000000003,1.00849458447,-0.464167323661,0.0,4.42754935067,2.80039124889,0.0,2.67189380242,0.070062056872,-7.21055870719,-2.41781278657,-21.3570674023,0.0,822.378526826,382.938972656,86.9348985648,57.5105868632,118,36.0
0.7200000000000003,-0.0833378593166,0.915195184987,0.0,5.70761958812,4.38042377736,0.0,-0.321634401327,1.81411375462,-6.53107645407,0.646007006812,-26.2199395077,0.0,894.966501121,57.1625641697,6.40343582377,433.089972736,119,36.0
0.7200000000000003,-0.450305894598,0.192418827083,0.0,4.9342323626,4.93139951608,0.0,-1.43464553475,1.24457478944,-6.56332342889,-3.28310077117,-20.3296867452,0.0,832.695069502,563.495807784,171.00012252,4.19680616897,120,36.0
0.6600000000000003,-0.182545381582,-0.0786486734086,0.0,0.92422461262,4.58449194148,0.0,-1.37837401497,-0.580235870935,-6.3619471142,-2.70779924304,-22.7772596373,0.0,880.22796449,243.893240156,16.4291979553,317.834584765,121,33.0
0.8400000000000004,0.485855622111,-0.300094659074,0.0,4.24676549461,3.30663573588,0.0,2.96067399037,-0.00885552447777,-6.46711868678,-4.6251323646,-18.8093564338,0.0,827.955388329,569.990595735,131.544809819,11.4340207514,122,42.0
0.6600000000000003,-0.431075954776,-0.421383664064,0.0,2.5988758685,6.19999192515,0.0,-0.222439828817,-1.13444248047,-6.56614318808,-3.79639571514,-20.4989056867,0.0,848.522787899,511.526262422,99.5660485725,54.6805284766,123,33.0
0.6600000000000003,-0.255311180447,-0.445487335026,0.0,3.27200435576,4.58500420058,0.0,-0.511752615755,-0.837536527148,-6.93679796598,-5.17381366768,-21.1395440105,0.0,856.072813857,539.901483274,170.209027787,13.7853268936,124,33.0
0.7200000000000003,-0.0849631508102,-0.151496770402,0.0,4.47378073248,1.16847341304,0.0,-2.08150033247,-0.515102834666,-7.03732059619,-3.58118364913,-21.2835571481,0.0,829.84063926,509.359918494,103.687312267,44.3374916187,125,36.0
0.6000000000000002,-0.701118756813,0.387949166251,0.0,5.1688291262,1.08615050808,0.0,-1.76216049698,1.65863199837,-7.76160886054,-5.01046686398,-18.8582014765,0.0,844.948085609,554.225412579,112.233705059,23.9129018336,126,30.0
0.7200000000000003,1.82092434636,-0.287708569366,0.0,0.723672359048,5.90719742361,0.0,5.20474901054,0.0532667187785,-6.18956749792,-7.52009739652,-19.150035364,0.0,836.714938361,555.588420894,154.037879201,15.6747959082,127,36.0
0.7800000000000004,0.218360422319,0.166423460494,0.0,0.625998336204,3.67166678188,0.0,-1.20297540067,2.15961354187,-6.14703437581,-6.05370705327,-21.2925598188,0.0,856.776408578,433.53533094,89.2978064139,84.2194679118,128,39.0
0.7800000000000004,0.187795701845,0.579256082141,0.0,3.3543288507,3.4828437461,0.0,-0.921924384957,1.66837155697,-7.24543696097,-5.37468315185,-20.5642041119,0.0,888.921147479,696.320599523,111.337958561,11.0323191311,129,39.0
0.7200000000000003,-0.0343909387123,0.268453655179,0.0,4.32412143832,4.42925570121,0.0,2.56445324271,-0.752721170524,-6.5908159259,-6.40474262079,-16.9588901419,0.0,872.983410437,684.969783837,183.512699594,3.13972607787,130,36.0
0.9600000000000005,2.80809072057,-1.54353321119,0.0,2.81406923671,6.00841842863,0.0,8.83295434802,-1.99352397979,-5.41944223597,-6.65456027289,-19.0326959866,0.0,857.499384245,597.482065714,163.913996074,18.1418656787,131,48.0
0.6600000000000003,0.569249507391,0.447306293063,0.0,4.46562255542,0.595514226735,0.0,1.64010203903,0.550876129412,-6.84503602848,-6.1633965925,-20.6143780984,0.0,852.762688945,528.410474163,191.11365638,36.8083679148,132,33.0
0.8400000000000004,-0.918786684648,-0.43548260701,0.0,0.694944855646,5.27925716908,0.0,-2.15881077897,-1.04208973785,-5.93235077466,-8.33448118924,-20.9363021568,0.0,866.035978737,516.84835433,285.205799393,17.3385341318,133,42.0
0.7200000000000003,0.575673355387,0.363916715767,0.0,3.27096530946,4.25178218271,0.0,3.26276988593,0.499378028925,-7.97041173445,-6.39103703578,-17.3707279493,0.0,883.10475099,701.023789117,142.260421918,7.27944489734,134,36.0
0.7200000000000003,0.08738585296,0.248206052741,0.0,1.88113765565,3.2737195973,0.0,1.4428845447,-1.3414543746,-5.26555925016,-5.33443054459,-18.9889308547,0.0,863.249816456,608.824056177,146.430143974,32.9580416871,135,36.0
0.6600000000000003,0.700320528072,0.532393410118,0.0,6.0377383147,2.92345201896,0.0,1.59416156925,1.84913112087,-7.08691442844,-5.54957771029,-23.5626225418,0.0,871.618171731,459.290235836,97.2638586173,97.2708151546,136,33.0
0.7200000000000003,0.366265510728,-0.0172227411664,0.0,3.19153013007,5.0827805416,0.0,3.79120838053,1.13344293573,-5.59577446695,-6.1156730373,-18.4348448674,0.0,866.222808139,630.948003866,157.796852735,17.2984989474,137,36.0
0.6600000000000003,0.217037227085,0.825048138794,0.0,3.58308330338,4.69785630429,0.0,2.88004954667,2.81878518987,-6.31679439182,-5.87143685611,-18.588729259,0.0,874.6786381,639.845438299,132.428614159,25.8501943764,138,33.0
0.7200000000000003,0.212205089005,0.552173770441,0.0,0.363329817155,3.6281123799,0.0,1.80265559537,0.369319226521,-6.58461989389,-6.59538228703,-20.76654139,0.0,868.778265581,567.4478616,190.281683349,66.8093343282,139,36.0
0.7800000000000004,-0.888968476101,-0.789083644394,0.0,1.55148283846,4.45636908172,0.0,-3.96636992971,-3.88072847235,-6.63012761421,-5.59308440887,-20.3967064962,0.0,855.924217989,541.853309887,125.344479033,72.874254401,140,39.0
0.6600000000000003,0.991147465043,0.333490303309,0.0,5.78354606564,1.77358229604,0.0,1.59255342553,0.750100428585,-6.65081393574,-3.83016611114,-23.0627531269,0.0,877.087358603,379.88167212,72.3366420429,202.24874848,141,33.0
0.6600000000000003,0.12364878869,0.0521564599369,0.0,2.63020866654,4.6121942503,0.0,0.24309860441,-0.428629461643,-6.23832992645,-5.22664259952,-18.9159037685,0.0,883.376117084,691.440790614,98.3816196805,20.6177592384,142,33.0
0.7200000000000003,-0.412229718445,-0.690639132473,0.0,3.3306865789,2.97041593893,0.0,0.588787464761,-1.64674336412,-4.04430788146,-3.66892291657,-18.9257315622,0.0,848.351920434,591.330410795,151.208939488,33.7383555515,143,36.0
0.6600000000000003,-0.37456982884,-0.85716364507,0.0,2.20096517734,4.07025313481,0.0,1.98940687616,-1.9176579671,-7.25909150826,-5.23215649068,-18.1867600458,0.0,871.959334462,648.214526974,143.552547404,15.9156359254,144,33.0
0.7800000000000004,-0.038322100086,-0.181814235362,0.0,4.49609162083,4.17428641558,0.0,2.33602564649,-0.665854277322,-7.09192722062,-6.21084854317,-17.5276293194,0.0,877.156133278,678.521546992,145.802113217,8.46602093514,145,39.0
0.7800000000000004,-0.787448116365,0.546646802545,0.0,4.15125225109,3.27982780631,0.0,-1.95528846149,0.914710754099,-6.80549653286,-4.57064846148,-20.5932675441,0.0,860.983788951,565.849477605,121.788623024,41.9623776826,146,39.0
0.6600000000000003,0.277703957903,-0.258547119921,0.0,5.16823958272,0.431116750505,0.0,-0.478110886559,-1.39523201261,-6.69805193312,-6.13017717944,-16.3105211467,0.0,861.297031971,703.523716116,214.279367067,7.36292010767,147,33.0
0.7800000000000004,-0.510205996671,-0.154975546314,0.0,4.38044619715,4.30963375065,0.0,-0.196007657319,-0.571417350806,-6.28401763602,-4.18778737943,-19.5658623632,0.0,861.38666887,531.761686439,91.7526496227,91.489845781,148,39.0
0.8400000000000004,0.387764498819,-0.659578177222,0.0,4.3240312068,2.19126247053,0.0,1.74191772466,-2.44517011019,-6.21761839618,-5.42222625411,-18.1881184108,0.0,882.2597012,700.982005336,116.751891816,9.19028060685,149,42.0
0.8400000000000004,1.70720072135,-0.442140121516,0.0,5.26355931732,5.57789454211,0.0,4.05476930701,-0.319154288348,-7.24753810692,-5.25700383784,-23.2148381214,0.0,893.101432329,268.552706789,89.5169634714,184.681154076,150,42.0
0.8400000000000004,0.258600183367,0.161305153393,0.0,2.05407518622,0.63057654069,0.0,0.785507899904,0.803668734237,-5.94440201824,-4.65834130538,-19.3045678133,0.0,872.808115689,617.608493376,119.521777709,32.8736642519,151,42.0
0.6600000000000003,0.609074819109,0.597511607866,0.0,3.70850590617,0.659970650595,0.0,2.36778521163,0.766305250964,-7.73892020016,-3.74858038759,-19.1150707114,0.0,856.08584319,573.692236905,113.390296156,50.3535021681,152,33.0
0.7200000000000003,0.163550271854,-0.629219983733,0.0,4.49442875368,0.953878831548,0.0,-0.742791550983,-1.22560753859,-7.16278538852,-5.16581214048,-17.913581939,0.0,864.640362731,632.556976372,208.853422752,23.6472895939,153,36.0
0.7800000000000004,0.988620933869,0.00057833439677,0.0,6.08481049309,3.70325403273,0.0,2.73666582317,0.00548799289862,-7.1581852741,-6.14130423712,-19.7988238925,0.0,874.318500614,542.681805178,221.48118016,75.4547068988,154,39.0
0.7200000000000003,0.907529884522,-0.34986660309,0.0,5.34414801353,2.25396689262,0.0,1.67513489391,-1.39885087221,-9.54834762893,-6.7853091073,-20.1776187708,0.0,890.290385405,451.465181911,47.0855413321,129.960665785,155,36.0
0.9600000000000005,0.512508334043,0.973391716402,0.0,5.38284717817,3.56739012713,0.0,1.49698929534,1.72298862153,-7.38451578397,-3.07914840026,-21.9753841323,0.0,889.566958362,347.664149358,31.3959577688,288.069997783,156,48.0
0.6600000000000003,0.0567172134284,-0.528795266087,0.0,3.69353565858,4.04683826156,0.0,2.79473205979,-1.00147800166,-7.26029801513,-4.55460679045,-16.0428059219,0.0,866.577803858,698.048242706,136.150972957,11.6501192945,157,33.0
0.8400000000000004,0.477185147148,0.10777155171,0.0,1.9914615414,0.927157203898,0.0,-0.0504301331063,-0.815998879055,-6.51658690469,-5.13459493285,-21.1202165793,0.0,879.081278351,702.830249003,121.482879294,20.8483174287,158,42.0
0.6600000000000003,1.75342182305,0.101722978821,0.0,0.595855801364,0.978618287379,0.0,3.29639495165,0.218160720497,-6.98822490148,-3.10603212315,-24.5677540092,0.0,898.832033726,261.396751145,23.2667351213,43.5259941599,159,33.0
0.7800000000000004,2.09443455388,-0.191785120256,0.0,4.39695108701,0.0723831296789,0.0,6.42473369253,-1.60212843719,-7.1591374711,-2.97076897932,-17.357533413,0.0,887.548863621,688.94315068,64.7894388543,58.1047661271,160,39.0
0.7200000000000003,1.11919850114,-0.499066846322,0.0,5.51838796711,4.92395554435,0.0,1.62617802233,-0.952428975452,-5.84351115783,-4.42230651757,-17.7455483357,0.0,882.451073928,530.811079302,64.3344806738,136.423549593,161,36.0
0.6000000000000002,0.620311679261,0.867729996088,0.0,2.45171247242,4.31387604116,0.0,1.00198063507,4.26813103848,-9.12341538969,-4.26186618873,-21.6112367012,0.0,898.286541691,294.014132004,36.5746895298,54.3065998687,162,30.0
0.6600000000000003,-0.439668100622,0.0881965096447,0.0,3.58319193395,3.6023294356,0.0,-1.33967034738,-0.207354950839,-6.66697039759,-2.73475847674,-16.7158470952,0.0,881.286534806,636.727126637,33.5379649662,209.846041678,163,33.0
0.9000000000000005,-0.734462091809,-1.20983869919,0.0,2.6700522446,4.96011452232,0.0,-3.45295895435,-2.29157515321,-6.33212190155,-3.33531271476,-13.0857918378,0.0,861.981880381,714.319341846,67.936950137,84.5116948925,164,45.0
0.6600000000000003,2.35074860199,-0.159413430599,0.0,2.27795777034,1.06773579201,0.0,4.94200341129,-0.331457207102,-6.9989397839,-2.43069025579,-21.4074124452,0.0,895.016558107,446.596409628,23.7099727914,113.537705535,165,33.0
0.6600000000000003,-0.0219925299143,-1.0518836556,0.0,3.76684859265,4.18928569217,0.0,0.296135447493,-1.76791082574,-6.70894524164,-4.94464566031,-10.1890751309,0.0,880.969421335,835.241395643,173.735678553,2.47057210655,166,33.0
0.6000000000000002,1.71204848807,-0.465768386473,0.0,3.35945533636,0.323018547357,0.0,6.68099761323,-1.85042331692,-9.46117023309,-3.33833446007,-9.62174580251,0.0,896.864893555,829.337492491,37.9409856206,40.1608632378,167,30.0
0.6600000000000003,1.00900214709,0.885235198527,0.0,0.436327755379,0.257690633831,0.0,2.90861069088,4.01079217357,-8.48202979031,-4.43108015487,-13.1657257321,0.0,890.783541541,629.204464842,49.0378171345,125.731163352,168,33.0
0.6600000000000003,-2.02188861373,0.097447905778,0.0,2.0890739659,0.574558390262,0.0,-6.96818020424,0.933356191165,-7.72104497145,-3.66035195246,-10.1297438004,0.0,875.997867977,787.597888529,110.051338309,12.8173369434,169,33.0
0.6600000000000003,0.824975188136,0.0558794887905,0.0,1.46576828467,6.21534441906,0.0,2.08540183026,1.08951985746,-6.39454140971,-3.04183713955,-13.8317698244,0.0,898.664978241,774.467930635,10.8965214739,59.958294737,170,33.0
0.5400000000000001,-0.0392037136892,0.265356570462,0.0,2.41616631491,0.181848478995,0.0,-1.25086101232,1.07458313239,-8.09969618549,-3.03281299097,-10.0979633221,0.0,890.505488659,792.705095548,155.829991084,9.14903745841,171,27.0
0.6000000000000002,0.585486080459,0.00626158047882,0.0,3.47760731368,5.81605591135,0.0,3.31755629208,-1.72594240533,-11.0746834786,-2.78865458885,-7.68873462384,0.0,898.236384184,856.758901115,24.0729103715,28.7497022769,172,30.0
0.6600000000000003,-1.60800435115,0.586095626055,0.0,4.57064275447,5.95680071571,0.0,-5.18429300804,1.4518828663,-7.67487150317,-3.08789188661,-6.78836607542,0.0,895.441035298,862.142560837,34.8751503904,6.76067422213,173,33.0
0.9000000000000005,4.02072751865,-0.990151281833,0.0,5.61920994263,1.87557797506,0.0,7.22549665406,-3.72685084942,-5.82419694065,-0.828773238889,-18.4834608201,0.0,897.494293119,709.158984926,31.1708306738,84.3705660951,174,45.0
0.7200000000000003,3.49156442857,-0.0132150986495,0.0,5.91793722465,2.60118351206,0.0,7.44117115478,-1.06708095673,-7.34000325474,-3.07984154742,-17.5656334608,0.0,897.290105025,625.053155823,15.9333935305,123.1072685,175,36.0
0.6600000000000003,1.1941721614,-0.337927106463,0.0,3.3221560284,5.62414925512,0.0,6.51561695139,-1.13970017634,-8.41017771231,-2.94581746908,-9.03889736323,0.0,897.502772238,834.761042321,25.8382119756,42.5659396986,176,33.0
0.7200000000000003,2.74538403268,1.19770595155,0.0,3.27492101031,3.97675770692,0.0,5.03437484406,1.53969320145,-8.1891484244,-2.64265820203,-22.3748922675,0.0,898.308685512,406.450274458,52.805667524,26.6238367837,177,36.0
0.7200000000000003,2.61052234304,1.29982821574,0.0,0.892457801195,5.27254025527,0.0,7.07244019124,1.46382128234,-7.49819337301,-4.79399063023,-22.2444369806,0.0,899.460475639,304.502802454,16.5838632016,1.78848727198,178,36.0
1.2000000000000006,8.40489630801,-2.53797226514,0.0,3.95773223777,0.761423237435,0.0,10.6632135833,-3.80815185872,-7.11219850914,-2.87906518695,-25.9672272638,0.0,899.323482618,265.98048372,113.256210416,2.82407829452,179,60.0
0.5400000000000001,0.199777498607,-0.0146805968963,0.0,3.04529152037,5.63224689677,0.0,-0.20568888053,-0.690229619783,-8.85151610426,-3.28657429221,-7.39540250146,0.0,897.95491106,824.30775597,20.3754387963,22.7716535792,180,27.0
0.6600000000000003,0.682286290108,-0.429684833513,0.0,2.7352781534,3.37103320735,0.0,0.994251596789,-1.01876424126,-8.49501018191,-7.31011647949,-9.34303522971,0.0,882.763642486,844.595803229,89.930424949,6.85568887087,181,33.0
0.6600000000000003,1.51537087692,0.043982386084,0.0,3.4422458443,4.77829819125,0.0,5.23160581585,0.771188643203,-8.17745840148,-5.35808262449,-9.58002966728,0.0,898.176266352,803.676911105,14.1490307437,31.3449816534,182,33.0
0.6000000000000002,0.0970595261602,-1.26074881128,0.0,2.34251994581,0.383049864374,0.0,-0.607399610915,-4.18244452133,-6.64484464049,-7.06823604333,-6.94492628115,0.0,897.95743475,851.165221447,366.538362718,0.816279816422,183,30.0
0.8400000000000004,3.58640262582,-2.38377479469,0.0,4.26262084266,3.87941840902,0.0,5.65582589956,-5.01127596331,-5.21387887073,-3.92091314276,-14.5718568914,0.0,899.234570404,709.663044036,14.7612537306,61.1085981614,184,42.0
0.7800000000000004,2.64537341612,-0.631774792221,0.0,5.39884630407,5.55310074264,0.0,5.27913855863,-1.68304912955,-4.99663030507,-1.92930982783,-11.2171589157,0.0,898.769876856,743.684044844,8.7796799193,73.8225139982,185,39.0
0.6600000000000003,0.398126086751,-0.495343905471,0.0,1.16012963396,4.38658537849,0.0,1.11102899877,-0.843334858848,-7.95529430624,-6.04230046997,-8.79510703614,0.0,899.156697974,858.099436767,56.9377318044,9.02948303245,186,33.0
0.7800000000000004,-0.476748000966,0.844736247216,0.0,2.34729605925,0.204092423095,0.0,-1.74955627544,0.875822349018,-5.9513565851,-6.25747062368,-12.0517055334,0.0,897.537855876,761.8658209,240.722998408,7.78649746347,187,39.0
0.6600000000000003,0.71641811601,-0.0376364513647,0.0,0.455800319725,4.29654818375,0.0,3.64254834091,0.605720809434,-8.45318812847,-4.69179574992,-8.14451402838,0.0,899.882670852,851.830696599,19.4606897777,14.3327495488,188,33.0
0.6600000000000003,0.474524788221,0.343737597757,0.0,2.51640365706,2.66857469314,0.0,-0.332585227505,1.14370721396,-7.67444087955,-4.01779985386,-11.9706711697,0.0,897.764949101,767.042377627,27.6704603227,31.5572331282,189,33.0
0.7800000000000004,2.81246613213,-0.465849900607,0.0,4.40149364495,5.7789034912,0.0,6.96184906327,-2.57534158034,-6.39467292886,-4.04525616702,-8.68333450742,0.0,899.609779721,806.911820029,29.3159324803,26.516929982,190,39.0
0.7800000000000004,0.900897029371,0.829637612884,0.0,2.91130301953,3.73417318626,0.0,2.19402654354,1.85783395226,-6.5742153953,-6.47368395267,-10.0754375444,0.0,899.502254226,831.293454758,15.202184608,16.5980003955,191,39.0
0.7200000000000003,2.18912103182,0.121318629793,0.0,0.934016593683,1.83378124885,0.0,3.92335806137,0.731556574577,-6.57964092791,-5.6795790937,-15.9909986691,0.0,895.709227407,495.113591429,150.154210269,20.7670869227,192,36.0
0.7200000000000003,2.10937723913,0.0681196984742,0.0,1.76043674275,1.66547694237,0.0,6.23105111498,-0.158768655426,-5.55604832783,-4.55863593328,-13.1141501495,0.0,899.641592684,736.177334341,16.5993712142,10.4500621478,193,36.0
0.8400000000000004,3.17141396982,0.290010218818,0.0,1.99906792602,3.10391648442,0.0,7.39992755021,0.36454990313,-8.20846992638,-5.95494734161,-17.4852501064,0.0,899.623074196,404.664878907,61.2416420336,15.2731449285,194,42.0
0.7200000000000003,0.741714929798,0.859482381778,0.0,1.15942715984,4.95153533167,0.0,6.79731157083,1.87925634073,-6.86154184416,-5.66155593245,-6.70530093983,0.0,899.956588973,871.498767614,5.49234865273,9.345664008,195,36.0
1.0800000000000005,5.68144637119,-1.77978841427,0.0,4.16574220915,1.14410054323,0.0,6.52751935977,-4.49008601438,-7.06064170196,-1.89459602301,-19.7849821896,0.0,899.794132632,628.321396918,25.5780857084,16.0316923805,196,54.0
0.7200000000000003,0.305062082248,0.670177419342,0.0,5.17833740364,4.28427258186,0.0,-0.282859749376,4.30603766093,-9.61506641527,-2.4179392036,-7.00596769011,0.0,899.100615877,858.474131297,11.9185214068,7.35812684785,197,36.0
0.7200000000000003,0.674162661269,-0.484968598937,0.0,3.21832810323,5.11571567531,0.0,1.05302325776,-1.14920765726,-6.63188502746,-7.00350230414,-8.58768187956,0.0,900.192805703,860.613600223,6.61765094261,8.32282988779,198,36.0
0.6600000000000003,1.21718715529,-0.0757263875132,0.0,2.01471727779,4.13126730265,0.0,1.40989791558,-0.0112752780418,-7.52636313302,-5.77873636658,-11.8128165579,0.0,899.575383912,620.313573551,7.35114923673,61.779024386,199,33.0
0.6600000000000003,2.22186833795,0.0929089980872,0.0,0.275078353519,6.14086568551,0.0,3.58581941144,-1.3600741803,-6.35564908233,-7.59245798181,-17.9580654036,0.0,899.243431161,509.604769562,65.7067141765,10.6903567246,200,33.0
